seed insts type test j m penalties tpenalty epenalty tmfound time
1030105527   test1_10x10.txt                le 1 10   10   364.59    162.78    201.81    24971     60026.1
141748002    test1_10x10.txt                le 1 10   10   360.74    184.07    176.67    9107.52   60001.3
1573756134   test1_10x10.txt                le 1 10   10   364.39    186.42    177.97    8883.81   60001.5
1855732883   test1_10x10.txt                le 1 10   10   371.04    161.26    209.78    18302.1   60001.5
1858279865   test1_10x10.txt                le 1 10   10   371.04    161.26    209.78    7663.73   60022.8
1030105527   test1_10x2.txt                 le 1 10   2    224.84    185.19    39.65     0.412     60152.8
141748002    test1_10x2.txt                 le 1 10   2    224.84    185.19    39.65     1.31      60675.3
1573756134   test1_10x2.txt                 le 1 10   2    224.84    185.19    39.65     1.156     60477.8
1855732883   test1_10x2.txt                 le 1 10   2    224.84    185.19    39.65     0.637     60133.3
1858279865   test1_10x2.txt                 le 1 10   2    224.84    185.19    39.65     5.8       60208.3
1030105527   test1_10x5.txt                 le 1 10   5    1719.63   1639.97   79.66     4506.05   60001.2
141748002    test1_10x5.txt                 le 1 10   5    1719.63   1639.97   79.66     2440.29   60088.6
1573756134   test1_10x5.txt                 le 1 10   5    1743.64   1659.44   84.2      1716.34   60001.2
1855732883   test1_10x5.txt                 le 1 10   5    1738.05   1653.85   84.2      4210.55   60001
1858279865   test1_10x5.txt                 le 1 10   5    1738.05   1653.85   84.2      2157.92   60157.6
1030105527   test1_15x10.txt                le 1 15   10   940.26    592.06    348.2     42115     60003.2
141748002    test1_15x10.txt                le 1 15   10   898.99    455.87    443.12    34928.3   60002.8
1573756134   test1_15x10.txt                le 1 15   10   938.8     523.51    415.29    24113.2   60002.9
1855732883   test1_15x10.txt                le 1 15   10   942.88    622.78    320.1     24841     60299.8
1858279865   test1_15x10.txt                le 1 15   10   929.81    488.37    441.44    60000     60003.1
1030105527   test1_15x2.txt                 le 1 15   2    1041.33   1017.4    23.93     684.624   60212.3
141748002    test1_15x2.txt                 le 1 15   2    1041.33   1017.4    23.93     10896.7   60879.7
1573756134   test1_15x2.txt                 le 1 15   2    1041.33   1017.4    23.93     23213.7   60891.7
1855732883   test1_15x2.txt                 le 1 15   2    1041.33   1017.4    23.93     23161.9   60806.5
1858279865   test1_15x2.txt                 le 1 15   2    1041.33   1017.4    23.93     30281.7   60035.7
1030105527   test1_15x5.txt                 le 1 15   5    3247.89   2948.94   298.95    58481.3   60215.1
141748002    test1_15x5.txt                 le 1 15   5    3318.14   3013.88   304.26    10671.9   60001.6
1573756134   test1_15x5.txt                 le 1 15   5    3223.17   2931.81   291.36    14518.2   60058.9
1855732883   test1_15x5.txt                 le 1 15   5    3196.85   2935.56   261.29    6277.17   60370.7
1858279865   test1_15x5.txt                 le 1 15   5    3247.89   2948.94   298.95    10352.5   60001.6
1030105527   test1_20x10.txt                le 1 20   10   4665.08   2960.61   1704.47   33541.8   60009.2
141748002    test1_20x10.txt                le 1 20   10   5075.51   3699.16   1376.35   31683.6   60005.2
1573756134   test1_20x10.txt                le 1 20   10   4897.37   3461.2    1436.17   59862.3   60005.1
1855732883   test1_20x10.txt                le 1 20   10   4592.02   3067.99   1524.03   47809.9   60005.8
1858279865   test1_20x10.txt                le 1 20   10   4687.6    3052.6    1635      49647.2   60005.5
1030105527   test1_20x2.txt                 le 1 20   2    2548.95   2528.89   20.06     13613.4   60388.3
141748002    test1_20x2.txt                 le 1 20   2    2548.95   2528.89   20.06     14681.9   60236.1
1573756134   test1_20x2.txt                 le 1 20   2    2551.6    2525.92   25.68     39894.8   60671.8
1855732883   test1_20x2.txt                 le 1 20   2    2549.19   2523.51   25.68     5443.37   60000.8
1858279865   test1_20x2.txt                 le 1 20   2    2551.36   2531.3    20.06     4240.8    60379.6
1030105527   test1_20x5.txt                 le 1 20   5    7487.77   7056.12   431.65    10136.7   60002.8
141748002    test1_20x5.txt                 le 1 20   5    7666.29   7325.56   340.73    15541.8   60002.4
1573756134   test1_20x5.txt                 le 1 20   5    7791.33   7430.16   361.17    3904.57   60521
1855732883   test1_20x5.txt                 le 1 20   5    7704.24   7363.51   340.73    18186.9   60002.4
1858279865   test1_20x5.txt                 le 1 20   5    7651.65   7261.92   389.73    41597     60154.6
1030105527   test2_10x10.txt                le 2 10   10   255.13    112.48    142.65    10183.1   60001.4
141748002    test2_10x10.txt                le 2 10   10   249.85    104.01    145.84    24386.3   60001.5
1573756134   test2_10x10.txt                le 2 10   10   249.85    104.01    145.84    23577.7   60001.4
1855732883   test2_10x10.txt                le 2 10   10   249.85    104.01    145.84    21906.6   60001.4
1858279865   test2_10x10.txt                le 2 10   10   249.85    104.01    145.84    6429.15   60001.4
1030105527   test2_10x2.txt                 le 2 10   2    324.43    179.18    145.25    1318.9    60688.8
141748002    test2_10x2.txt                 le 2 10   2    319.37    157.16    162.21    2092      60196.5
1573756134   test2_10x2.txt                 le 2 10   2    319.37    157.16    162.21    1434.99   60132.6
1855732883   test2_10x2.txt                 le 2 10   2    324.43    179.18    145.25    2020.65   60405.5
1858279865   test2_10x2.txt                 le 2 10   2    319.37    157.16    162.21    1384.26   60036.7
1030105527   test2_10x5.txt                 le 2 10   5    989.05    662.67    326.38    2635.75   60112.9
141748002    test2_10x5.txt                 le 2 10   5    967.73    641.05    326.68    569.7     60001.2
1573756134   test2_10x5.txt                 le 2 10   5    967.73    641.05    326.68    1318.8    60007.9
1855732883   test2_10x5.txt                 le 2 10   5    967.73    641.05    326.68    1285.48   60001
1858279865   test2_10x5.txt                 le 2 10   5    1010.04   681.91    328.13    1546.54   60095.5
1030105527   test2_15x10.txt                le 2 15   10   1639.22   681.52    957.7     24126.9   60002.8
141748002    test2_15x10.txt                le 2 15   10   1594.6    694.18    900.42    27700.7   60003.1
1573756134   test2_15x10.txt                le 2 15   10   1561.37   672.55    888.82    28202.5   60003.2
1855732883   test2_15x10.txt                le 2 15   10   1554.18   724.71    829.47    15974.7   60004.7
1858279865   test2_15x10.txt                le 2 15   10   1609.7    553.24    1056.46   50469.5   60003
1030105527   test2_15x2.txt                 le 2 15   2    505.16    318.92    186.24    10393.5   60939.6
141748002    test2_15x2.txt                 le 2 15   2    505.16    318.92    186.24    10670.4   60427
1573756134   test2_15x2.txt                 le 2 15   2    515.74    370.54    145.2     8647.77   60497
1855732883   test2_15x2.txt                 le 2 15   2    505.16    318.92    186.24    6351.41   60380.3
1858279865   test2_15x2.txt                 le 2 15   2    497.97    340.91    157.06    9211.38   60590.8
1030105527   test2_15x5.txt                 le 2 15   5    3288.27   2568.04   720.23    22609.2   60832
141748002    test2_15x5.txt                 le 2 15   5    3274.38   2546.48   727.9     38423.4   60002.5
1573756134   test2_15x5.txt                 le 2 15   5    3328.78   2713.68   615.1     4244.76   60296.9
1855732883   test2_15x5.txt                 le 2 15   5    3290.7    2680.17   610.53    5813.82   60001.7
1858279865   test2_15x5.txt                 le 2 15   5    3290.7    2680.17   610.53    4792.22   60353.6
1030105527   test2_20x10.txt                le 2 20   10   1701.42   1158.62   542.8     51884.1   60004.9
141748002    test2_20x10.txt                le 2 20   10   1720.39   1195.31   525.08    57352.5   60005.2
1573756134   test2_20x10.txt                le 2 20   10   1721.57   1219.42   502.15    47841.2   60004.8
1855732883   test2_20x10.txt                le 2 20   10   1655.12   1163.47   491.65    58076.5   60004.6
1858279865   test2_20x10.txt                le 2 20   10   1608.61   1123.08   485.53    55711.9   60004.8
1030105527   test2_20x2.txt                 le 2 20   2    3069.13   2984.99   84.14     55774.5   60906
141748002    test2_20x2.txt                 le 2 20   2    3069.13   2984.99   84.14     6390.68   60432.4
1573756134   test2_20x2.txt                 le 2 20   2    3069.13   2984.99   84.14     24483.2   60001
1855732883   test2_20x2.txt                 le 2 20   2    3069.13   2984.99   84.14     58287.6   60599.9
1858279865   test2_20x2.txt                 le 2 20   2    3069.13   2984.99   84.14     1102.07   60594.3
1030105527   test2_20x5.txt                 le 2 20   5    7087.48   6115.54   971.94    37443.3   60020.5
141748002    test2_20x5.txt                 le 2 20   5    7128.87   6193.59   935.28    14180.9   60002.4
1573756134   test2_20x5.txt                 le 2 20   5    7229.16   6302.96   926.2     35647.2   60745.7
1855732883   test2_20x5.txt                 le 2 20   5    7338.69   6419.6    919.09    42768.9   60002.7
1858279865   test2_20x5.txt                 le 2 20   5    7022.53   6040.34   982.19    34926.2   60002.6
1030105527   test1_10x10.txt                lt 1 10   10   386.4     89.7      296.7     11045.5   60002.1
141748002    test1_10x10.txt                lt 1 10   10   375.71    143.52    232.19    33828.3   60001.6
1573756134   test1_10x10.txt                lt 1 10   10   374.2     137.09    237.11    34977.9   60001.7
1855732883   test1_10x10.txt                lt 1 10   10   386.4     89.7      296.7     53825     60001.8
1858279865   test1_10x10.txt                lt 1 10   10   386.4     89.7      296.7     46987.9   60001.6
1030105527   test1_10x2.txt                 lt 1 10   2    416.44    390.34    26.1      0.108     60072.6
141748002    test1_10x2.txt                 lt 1 10   2    416.44    390.34    26.1      521.458   60065.1
1573756134   test1_10x2.txt                 lt 1 10   2    416.44    390.34    26.1      0.069     60055.8
1855732883   test1_10x2.txt                 lt 1 10   2    416.44    390.34    26.1      122.723   60000.8
1858279865   test1_10x2.txt                 lt 1 10   2    416.44    390.34    26.1      48.837    60073
1030105527   test1_10x5.txt                 lt 1 10   5    176.83    57.5      119.33    852.794   60001
141748002    test1_10x5.txt                 lt 1 10   5    175.08    57        118.08    4153.13   60017.5
1573756134   test1_10x5.txt                 lt 1 10   5    175.08    57        118.08    8470.72   60019.3
1855732883   test1_10x5.txt                 lt 1 10   5    175.08    57        118.08    10656.6   60001
1858279865   test1_10x5.txt                 lt 1 10   5    176.83    57.5      119.33    975.446   60001
1030105527   test1_15x10.txt                lt 1 15   10   281.45    75.86     205.59    50021     60002.6
141748002    test1_15x10.txt                lt 1 15   10   287.03    82.16     204.87    49013.6   60003.6
1573756134   test1_15x10.txt                lt 1 15   10   297.53    102.48    195.05    52926.2   60002.4
1855732883   test1_15x10.txt                lt 1 15   10   283.59    76.47     207.12    56347.5   60002.5
1858279865   test1_15x10.txt                lt 1 15   10   288.08    96.2      191.88    51028.2   60432.2
1030105527   test1_15x2.txt                 lt 1 15   2    654.84    641.58    13.26     15396.2   60480.1
141748002    test1_15x2.txt                 lt 1 15   2    654.84    641.58    13.26     1060.68   60000.8
1573756134   test1_15x2.txt                 lt 1 15   2    654.84    641.58    13.26     2102.9    60010.7
1855732883   test1_15x2.txt                 lt 1 15   2    654.84    641.58    13.26     0.656     60931.5
1858279865   test1_15x2.txt                 lt 1 15   2    654.84    641.58    13.26     21.863    60258.9
1030105527   test1_15x5.txt                 lt 1 15   5    1281.41   1037.5    243.91    21636.1   60739.2
141748002    test1_15x5.txt                 lt 1 15   5    1288.18   1057.93   230.25    14610.9   60098.5
1573756134   test1_15x5.txt                 lt 1 15   5    1280.74   1051.01   229.73    9654.97   60048.7
1855732883   test1_15x5.txt                 lt 1 15   5    1290.44   1055.06   235.38    44221.8   60680.6
1858279865   test1_15x5.txt                 lt 1 15   5    1281.41   1037.5    243.91    28657.5   60122.5
1030105527   test1_20x10.txt                lt 1 20   10   5114.72   4847.15   267.57    45404.9   60007
141748002    test1_20x10.txt                lt 1 20   10   5245.15   4988.54   256.61    49651.6   60006.2
1573756134   test1_20x10.txt                lt 1 20   10   5203.12   4931.65   271.47    51493.4   60006.3
1855732883   test1_20x10.txt                lt 1 20   10   4789.13   4495.69   293.44    37418.3   60006
1858279865   test1_20x10.txt                lt 1 20   10   5104.55   4848.85   255.7     23628.5   60006
1030105527   test1_20x2.txt                 lt 1 20   2    1203.88   1096.63   107.25    27471.7   60193.5
141748002    test1_20x2.txt                 lt 1 20   2    1204.43   1095.61   108.82    39953.1   60213.8
1573756134   test1_20x2.txt                 lt 1 20   2    1207.52   1103.9    103.62    27865.4   60903.7
1855732883   test1_20x2.txt                 lt 1 20   2    1206.97   1104.92   102.05    5275.75   60584.3
1858279865   test1_20x2.txt                 lt 1 20   2    1206.97   1104.92   102.05    17029.2   60949.9
1030105527   test1_20x5.txt                 lt 1 20   5    2936.63   2593.38   343.25    38226.8   60002.4
141748002    test1_20x5.txt                 lt 1 20   5    2993.24   2638.52   354.72    23327.9   60066.3
1573756134   test1_20x5.txt                 lt 1 20   5    3068.78   2731.15   337.63    57308.5   60002.6
1855732883   test1_20x5.txt                 lt 1 20   5    3100.49   2766.6    333.89    27863.7   60153.3
1858279865   test1_20x5.txt                 lt 1 20   5    3209.24   2884.2    325.04    29794.8   60052
1030105527   test2_10x10.txt                lt 2 10   10   144.94    52.98     91.96     3787.98   60001.4
141748002    test2_10x10.txt                lt 2 10   10   146.06    49.98     96.08     6251.54   60001.5
1573756134   test2_10x10.txt                lt 2 10   10   144.94    52.98     91.96     2623.64   60003.1
1855732883   test2_10x10.txt                lt 2 10   10   144.94    52.98     91.96     8027.28   60001.5
1858279865   test2_10x10.txt                lt 2 10   10   146.06    49.98     96.08     1357.86   60002.4
1030105527   test2_10x2.txt                 lt 2 10   2    137.94    66.09     71.85     134.838   60024.9
141748002    test2_10x2.txt                 lt 2 10   2    137.94    66.09     71.85     513.595   60030
1573756134   test2_10x2.txt                 lt 2 10   2    137.94    66.09     71.85     1186.89   60067.2
1855732883   test2_10x2.txt                 lt 2 10   2    137.94    66.09     71.85     247.607   60152.1
1858279865   test2_10x2.txt                 lt 2 10   2    137.94    66.09     71.85     341.886   60213.6
1030105527   test2_10x5.txt                 lt 2 10   5    488.78    444.52    44.26     27970.3   60003.4
141748002    test2_10x5.txt                 lt 2 10   5    485.06    440.51    44.55     8492.16   60001
1573756134   test2_10x5.txt                 lt 2 10   5    485.06    440.51    44.55     1758.58   60001.1
1855732883   test2_10x5.txt                 lt 2 10   5    488.78    444.52    44.26     27760.9   60006.1
1858279865   test2_10x5.txt                 lt 2 10   5    485.06    440.51    44.55     24422.9   60024.5
1030105527   test2_15x10.txt                lt 2 15   10   589.44    260.32    329.12    38383.5   60002.8
141748002    test2_15x10.txt                lt 2 15   10   599.01    336.81    262.2     18742.8   60002.5
1573756134   test2_15x10.txt                lt 2 15   10   592.31    273.7     318.61    32876.6   60003
1855732883   test2_15x10.txt                lt 2 15   10   587.24    245.83    341.41    28109.2   60003
1858279865   test2_15x10.txt                lt 2 15   10   594.75    274.65    320.1     13901.3   60002.8
1030105527   test2_15x2.txt                 lt 2 15   2    290.88    128.55    162.33    1047.66   60104.2
141748002    test2_15x2.txt                 lt 2 15   2    290.88    128.55    162.33    1052.51   60002.2
1573756134   test2_15x2.txt                 lt 2 15   2    290.88    128.55    162.33    39775.8   60893.3
1855732883   test2_15x2.txt                 lt 2 15   2    290.88    128.55    162.33    3104.12   60353.2
1858279865   test2_15x2.txt                 lt 2 15   2    279.71    133.52    146.19    22604.8   60348.1
1030105527   test2_15x5.txt                 lt 2 15   5    328.78    119.63    209.15    46091     60685.7
141748002    test2_15x5.txt                 lt 2 15   5    328.88    114.47    214.41    59155.6   60001.9
1573756134   test2_15x5.txt                 lt 2 15   5    352.26    115.8     236.46    28739.3   60377.1
1855732883   test2_15x5.txt                 lt 2 15   5    327.6     122.83    204.77    17822.7   60028.7
1858279865   test2_15x5.txt                 lt 2 15   5    346.57    90.79     255.78    9186.55   60346.1
1030105527   test2_20x10.txt                lt 2 20   10   1516.95   530.52    986.43    50082.7   60066
141748002    test2_20x10.txt                lt 2 20   10   1525.82   458.55    1067.27   41980     60004.4
1573756134   test2_20x10.txt                lt 2 20   10   1562.57   574.79    987.78    56483.9   60093.4
1855732883   test2_20x10.txt                lt 2 20   10   1549.79   560.52    989.27    23017.7   60004.6
1858279865   test2_20x10.txt                lt 2 20   10   1531.54   489.92    1041.62   40396     60005.1
1030105527   test2_20x2.txt                 lt 2 20   2    772.85    733.15    39.7      1095      60490.9
141748002    test2_20x2.txt                 lt 2 20   2    782.39    746.34    36.05     1161.12   60945.5
1573756134   test2_20x2.txt                 lt 2 20   2    782.39    746.34    36.05     20407.2   60360.6
1855732883   test2_20x2.txt                 lt 2 20   2    771.06    726.89    44.17     1953.65   60018.9
1858279865   test2_20x2.txt                 lt 2 20   2    776.01    732.14    43.87     21316.8   60590.3
1030105527   test2_20x5.txt                 lt 2 20   5    3759.39   3662.86   96.53     49720.8   60548
141748002    test2_20x5.txt                 lt 2 20   5    3617.89   3532.66   85.23     22703     60002.5
1573756134   test2_20x5.txt                 lt 2 20   5    3646.58   3564.75   81.83     44689.7   60227.3
1855732883   test2_20x5.txt                 lt 2 20   5    3793.96   3709.86   84.1      53539.1   60254.7
1858279865   test2_20x5.txt                 lt 2 20   5    3617.49   3532.43   85.06     56170.5   60253.7
1030105527   test1_10x10.txt                te 1 10   10   1325.45   967.41    358.04    1155.08   60002.3
141748002    test1_10x10.txt                te 1 10   10   1307.44   991       316.44    7854.5    60007.9
1573756134   test1_10x10.txt                te 1 10   10   1301.38   994.95    306.43    376.757   60001.9
1855732883   test1_10x10.txt                te 1 10   10   1301.46   958.07    343.39    5973.58   60002
1858279865   test1_10x10.txt                te 1 10   10   1281.66   904.67    376.99    672.712   60002.3
1030105527   test1_10x2.txt                 te 1 10   2    461.96    379.78    82.18     3880.86   60261.3
141748002    test1_10x2.txt                 te 1 10   2    461.96    379.78    82.18     1381.2    60540.5
1573756134   test1_10x2.txt                 te 1 10   2    461.96    379.78    82.18     3325.96   60179.2
1855732883   test1_10x2.txt                 te 1 10   2    461.96    379.78    82.18     442.216   60353.2
1858279865   test1_10x2.txt                 te 1 10   2    461.96    379.78    82.18     2189.07   60147
1030105527   test1_10x5.txt                 te 1 10   5    733.27    426.25    307.02    2231.97   60001.1
141748002    test1_10x5.txt                 te 1 10   5    690.29    418.16    272.13    2081.79   60014.4
1573756134   test1_10x5.txt                 te 1 10   5    724.82    411.24    313.58    4205.48   60001.2
1855732883   test1_10x5.txt                 te 1 10   5    690.29    418.16    272.13    1536.67   60095.8
1858279865   test1_10x5.txt                 te 1 10   5    689.11    414.1     275.01    2003.72   60001.1
1030105527   test1_15x10.txt                te 1 15   10   6748.88   6706.66   42.22     32403.4   60002.9
141748002    test1_15x10.txt                te 1 15   10   6668.96   6614.2    54.76     28249.6   60003.3
1573756134   test1_15x10.txt                te 1 15   10   6870.55   6846.85   23.7      53997.8   60003.4
1855732883   test1_15x10.txt                te 1 15   10   6843.99   6789.23   54.76     20764.1   60003.6
1858279865   test1_15x10.txt                te 1 15   10   6610.44   6552.98   57.46     34921.1   60003.1
1030105527   test1_15x2.txt                 te 1 15   2    3344.54   3291.15   53.39     20504.2   60940
141748002    test1_15x2.txt                 te 1 15   2    3344.54   3291.15   53.39     39761.2   60439.3
1573756134   test1_15x2.txt                 te 1 15   2    3344.54   3291.15   53.39     1382.42   60812.3
1855732883   test1_15x2.txt                 te 1 15   2    3344.54   3291.15   53.39     16373.5   60564.7
1858279865   test1_15x2.txt                 te 1 15   2    3344.54   3291.15   53.39     7284.71   60831.4
1030105527   test1_15x5.txt                 te 1 15   5    1318.68   1092.34   226.34    14479     60001.7
141748002    test1_15x5.txt                 te 1 15   5    1318.68   1092.34   226.34    7058.42   60657.4
1573756134   test1_15x5.txt                 te 1 15   5    1318.68   1092.34   226.34    7587.7    60001.7
1855732883   test1_15x5.txt                 te 1 15   5    1318.68   1092.34   226.34    17191.3   60049.7
1858279865   test1_15x5.txt                 te 1 15   5    1318.68   1092.34   226.34    9025.37   60001.8
1030105527   test1_20x10.txt                te 1 20   10   10831.9   10447.4   384.51    41831.8   60005.6
141748002    test1_20x10.txt                te 1 20   10   10894.4   10492.3   402.09    29776.2   60006
1573756134   test1_20x10.txt                te 1 20   10   10534.5   10071.2   463.23    39940.7   60005.1
1855732883   test1_20x10.txt                te 1 20   10   10653.8   10201.3   452.5     59240.5   60005.7
1858279865   test1_20x10.txt                te 1 20   10   11070.8   10641     429.76    26992.8   60005.5
1030105527   test1_20x2.txt                 te 1 20   2    1933.72   1929.76   3.96      36348.2   60426
141748002    test1_20x2.txt                 te 1 20   2    1933.72   1929.76   3.96      23961.7   60501.5
1573756134   test1_20x2.txt                 te 1 20   2    1933.72   1929.76   3.96      39270.2   60897.5
1855732883   test1_20x2.txt                 te 1 20   2    1933.72   1929.76   3.96      33502.1   60001.3
1858279865   test1_20x2.txt                 te 1 20   2    1937.49   1933.53   3.96      1096.67   60592.4
1030105527   test1_20x5.txt                 te 1 20   5    2927.19   1562.42   1364.77   27518.1   60002.3
141748002    test1_20x5.txt                 te 1 20   5    2865.45   1627.49   1237.96   47476.4   60002.5
1573756134   test1_20x5.txt                 te 1 20   5    2855.5    1749.13   1106.37   47868.3   60002.3
1855732883   test1_20x5.txt                 te 1 20   5    2821.02   1651.84   1169.18   43351.7   60146.1
1858279865   test1_20x5.txt                 te 1 20   5    2910.2    1622.44   1287.76   33417.3   60119.2
1030105527   test2_10x10.txt                te 2 10   10   1865.93   1095.47   770.46    31799.9   60001.9
141748002    test2_10x10.txt                te 2 10   10   1872.54   1053.14   819.4     21388.4   60002.1
1573756134   test2_10x10.txt                te 2 10   10   1873.64   1064.02   809.62    21707.5   60002.1
1855732883   test2_10x10.txt                te 2 10   10   1937.8    1108.58   829.22    54577.7   60002.2
1858279865   test2_10x10.txt                te 2 10   10   1975.39   864.48    1110.91   16348     60003.8
1030105527   test2_10x2.txt                 te 2 10   2    448.32    436.29    12.03     5.242     60014.2
141748002    test2_10x2.txt                 te 2 10   2    448.32    436.29    12.03     1056.99   60085.1
1573756134   test2_10x2.txt                 te 2 10   2    448.32    436.29    12.03     71.916    60056.5
1855732883   test2_10x2.txt                 te 2 10   2    448.32    436.29    12.03     2.011     60001.1
1858279865   test2_10x2.txt                 te 2 10   2    448.32    436.29    12.03     528.028   60128
1030105527   test2_10x5.txt                 te 2 10   5    763.24    695.79    67.45     290.826   60001.1
141748002    test2_10x5.txt                 te 2 10   5    763.24    695.79    67.45     3833.1    60001
1573756134   test2_10x5.txt                 te 2 10   5    778.64    711.19    67.45     176.673   60001.2
1855732883   test2_10x5.txt                 te 2 10   5    763.24    695.79    67.45     8400.08   60001
1858279865   test2_10x5.txt                 te 2 10   5    763.24    695.79    67.45     23952.5   60001
1030105527   test2_15x10.txt                te 2 15   10   4730.08   3437.27   1292.81   24396.8   60003.7
141748002    test2_15x10.txt                te 2 15   10   4760.54   3405.55   1354.99   20717.3   60004.2
1573756134   test2_15x10.txt                te 2 15   10   4652.41   3479.7    1172.71   34981.6   60003.8
1855732883   test2_15x10.txt                te 2 15   10   4706.56   3624.65   1081.91   45853.8   60003.7
1858279865   test2_15x10.txt                te 2 15   10   4739.13   3424.05   1315.08   2005.37   60019.4
1030105527   test2_15x2.txt                 te 2 15   2    1479.76   1465.94   13.82     2185.16   60512.4
141748002    test2_15x2.txt                 te 2 15   2    1479.76   1465.94   13.82     2281.52   61001.4
1573756134   test2_15x2.txt                 te 2 15   2    1479.76   1465.94   13.82     8.419     60604
1855732883   test2_15x2.txt                 te 2 15   2    1479.76   1465.94   13.82     9391.24   60951
1858279865   test2_15x2.txt                 te 2 15   2    1479.76   1465.94   13.82     12694     60108
1030105527   test2_15x5.txt                 te 2 15   5    2633.4    2508.4    125       16141.5   60008
141748002    test2_15x5.txt                 te 2 15   5    2651.16   2523.46   127.7     8402.81   60001.9
1573756134   test2_15x5.txt                 te 2 15   5    2660.94   2533.24   127.7     9429.87   60175.4
1855732883   test2_15x5.txt                 te 2 15   5    2652.79   2525.09   127.7     24131.7   60001.9
1858279865   test2_15x5.txt                 te 2 15   5    2626.67   2511.9    114.77    16843.8   60002.2
1030105527   test2_20x10.txt                te 2 20   10   7090.36   4114.8    2975.56   34612.6   60006.2
141748002    test2_20x10.txt                te 2 20   10   6955.14   3927.47   3027.67   34413.4   60006.2
1573756134   test2_20x10.txt                te 2 20   10   7047.16   3808.77   3238.39   44533.8   60005.9
1855732883   test2_20x10.txt                te 2 20   10   7345.13   4332.81   3012.32   26407.9   60006.2
1858279865   test2_20x10.txt                te 2 20   10   6892.16   3702.02   3190.14   48497.4   60006.9
1030105527   test2_20x2.txt                 te 2 20   2    948.01    888.26    59.75     18827.7   60807.3
141748002    test2_20x2.txt                 te 2 20   2    951.36    891.61    59.75     17265.1   60756.8
1573756134   test2_20x2.txt                 te 2 20   2    944.93    899.96    44.97     10495.8   60591.5
1855732883   test2_20x2.txt                 te 2 20   2    948.01    888.26    59.75     17077.4   60013.4
1858279865   test2_20x2.txt                 te 2 20   2    948.01    888.26    59.75     16809.3   60387.3
1030105527   test2_20x5.txt                 te 2 20   5    6663.58   6630.48   33.1      10420     60002
141748002    test2_20x5.txt                 te 2 20   5    6626.55   6593.53   33.02     7291.24   60033
1573756134   test2_20x5.txt                 te 2 20   5    6581.72   6541.9    39.82     30699.1   60120.1
1855732883   test2_20x5.txt                 te 2 20   5    6586.29   6546.47   39.82     34050.9   60002
1858279865   test2_20x5.txt                 te 2 20   5    6647.9    6608.08   39.82     47123     60419.1
1030105527   test1_10x10.txt                tt 1 10   10   692.42    268.57    423.85    10233.1   60002.1
141748002    test1_10x10.txt                tt 1 10   10   687.29    240.65    446.64    6063.5    60001.9
1573756134   test1_10x10.txt                tt 1 10   10   691.72    245.99    445.73    57732.4   60002.1
1855732883   test1_10x10.txt                tt 1 10   10   687.65    263.75    423.9     49507.1   60002.3
1858279865   test1_10x10.txt                tt 1 10   10   669.93    286.25    383.68    5222.32   60002.1
1030105527   test1_10x2.txt                 tt 1 10   2    179.46    137.72    41.74     10.973    60022.8
141748002    test1_10x2.txt                 tt 1 10   2    179.46    137.72    41.74     1028.38   60529.2
1573756134   test1_10x2.txt                 tt 1 10   2    179.46    137.72    41.74     1214.82   60595.7
1855732883   test1_10x2.txt                 tt 1 10   2    179.46    137.72    41.74     341.529   60139.3
1858279865   test1_10x2.txt                 tt 1 10   2    179.46    137.72    41.74     1926.84   60490.2
1030105527   test1_10x5.txt                 tt 1 10   5    394.93    114.87    280.06    1618.23   60010.2
141748002    test1_10x5.txt                 tt 1 10   5    390.95    119.65    271.3     1919.68   60001.7
1573756134   test1_10x5.txt                 tt 1 10   5    389.43    115.66    273.77    4232.79   60001.1
1855732883   test1_10x5.txt                 tt 1 10   5    387.27    115.45    271.82    1943.45   60001.1
1858279865   test1_10x5.txt                 tt 1 10   5    386.57    119.65    266.92    3937.17   60009.2
1030105527   test1_15x10.txt                tt 1 15   10   757.83    208.32    549.51    55943     60003.4
141748002    test1_15x10.txt                tt 1 15   10   785.75    285.76    499.99    45854.1   60017.1
1573756134   test1_15x10.txt                tt 1 15   10   786.13    215.46    570.67    59738.8   60003.2
1855732883   test1_15x10.txt                tt 1 15   10   822.12    219.45    602.67    10310.6   60003.4
1858279865   test1_15x10.txt                tt 1 15   10   763.61    203.66    559.95    37756.6   60003.9
1030105527   test1_15x2.txt                 tt 1 15   2    790.5     730.17    60.33     19922.9   60339.5
141748002    test1_15x2.txt                 tt 1 15   2    790.5     730.17    60.33     1048.27   60998.3
1573756134   test1_15x2.txt                 tt 1 15   2    790.5     730.17    60.33     7330.37   60309.9
1855732883   test1_15x2.txt                 tt 1 15   2    790.5     730.17    60.33     12730.2   60679.8
1858279865   test1_15x2.txt                 tt 1 15   2    790.5     730.17    60.33     2147.45   60229.3
1030105527   test1_15x5.txt                 tt 1 15   5    1359.18   1272.93   86.25     46271.6   60001.7
141748002    test1_15x5.txt                 tt 1 15   5    1369.44   1275.54   93.9      30922.5   60001.9
1573756134   test1_15x5.txt                 tt 1 15   5    1358.21   1274.02   84.19     33783.9   60001.8
1855732883   test1_15x5.txt                 tt 1 15   5    1358.21   1274.02   84.19     19445.3   60037.9
1858279865   test1_15x5.txt                 tt 1 15   5    1359.53   1272.52   87.01     22740.5   60001.8
1030105527   test1_20x10.txt                tt 1 20   10   4431.55   3924      507.55    59109.8   60005.3
141748002    test1_20x10.txt                tt 1 20   10   4406.01   3908.88   497.13    44439.9   60005.1
1573756134   test1_20x10.txt                tt 1 20   10   4434.02   3973.07   460.95    43369.8   60005.5
1855732883   test1_20x10.txt                tt 1 20   10   5171.58   4787.22   384.36    58819.1   60005.4
1858279865   test1_20x10.txt                tt 1 20   10   4532.14   4038.53   493.61    44132.3   60005.8
1030105527   test1_20x2.txt                 tt 1 20   2    1672.03   1613.04   58.99     48769.4   60491.7
141748002    test1_20x2.txt                 tt 1 20   2    1688.9    1629.11   59.79     21304.1   60902.5
1573756134   test1_20x2.txt                 tt 1 20   2    1671.87   1614.02   57.85     32181.5   60661.5
1855732883   test1_20x2.txt                 tt 1 20   2    1671.87   1614.02   57.85     53673.1   60967.5
1858279865   test1_20x2.txt                 tt 1 20   2    1672.03   1613.04   58.99     54797.1   60502.7
1030105527   test1_20x5.txt                 tt 1 20   5    3618.13   3556.84   61.29     37187.6   60076
141748002    test1_20x5.txt                 tt 1 20   5    3618.13   3556.84   61.29     18310.2   60046.5
1573756134   test1_20x5.txt                 tt 1 20   5    3618.13   3556.84   61.29     7443.25   60003
1855732883   test1_20x5.txt                 tt 1 20   5    3618.39   3557.19   61.2      40683.7   60002.5
1858279865   test1_20x5.txt                 tt 1 20   5    3598.12   3528.83   69.29     14637.4   60002.9
1030105527   test2_10x10.txt                tt 2 10   10   843.68    428.8     414.88    53542.6   60002.1
141748002    test2_10x10.txt                tt 2 10   10   791.52    451.95    339.57    16005.4   60002
1573756134   test2_10x10.txt                tt 2 10   10   804.23    439.02    365.21    7453.83   60054.1
1855732883   test2_10x10.txt                tt 2 10   10   780.66    415.58    365.08    39244     60002.2
1858279865   test2_10x10.txt                tt 2 10   10   806.93    335.34    471.59    16198.3   60001.9
1030105527   test2_10x2.txt                 tt 2 10   2    145.37    65.75     79.62     1323.08   60632.6
141748002    test2_10x2.txt                 tt 2 10   2    145.37    65.75     79.62     1598.72   60583.7
1573756134   test2_10x2.txt                 tt 2 10   2    145.37    65.75     79.62     5932.18   60172.8
1855732883   test2_10x2.txt                 tt 2 10   2    145.37    65.75     79.62     4319.87   60258.4
1858279865   test2_10x2.txt                 tt 2 10   2    145.37    65.75     79.62     1867.44   60679.5
1030105527   test2_10x5.txt                 tt 2 10   5    639.16    533.5     105.66    111.713   60001.4
141748002    test2_10x5.txt                 tt 2 10   5    627.45    540.95    86.5      8717.51   60001.1
1573756134   test2_10x5.txt                 tt 2 10   5    627.45    540.95    86.5      28567.7   60001.7
1855732883   test2_10x5.txt                 tt 2 10   5    627.45    540.95    86.5      19663     60001.2
1858279865   test2_10x5.txt                 tt 2 10   5    627.64    523.44    104.2     947.639   60006.1
1030105527   test2_15x10.txt                tt 2 15   10   1172.3    614.27    558.03    10059.7   60003.4
141748002    test2_15x10.txt                tt 2 15   10   1173.79   600.34    573.45    7313.83   60003.5
1573756134   test2_15x10.txt                tt 2 15   10   1171.64   652.77    518.87    58713.3   60003.9
1855732883   test2_15x10.txt                tt 2 15   10   1173.59   614.97    558.62    38838.6   60003.6
1858279865   test2_15x10.txt                tt 2 15   10   1170.94   565.31    605.63    34011.2   60003.3
1030105527   test2_15x2.txt                 tt 2 15   2    905.37    893.59    11.78     5774.12   60424.5
141748002    test2_15x2.txt                 tt 2 15   2    905.37    893.59    11.78     4696.45   60732.1
1573756134   test2_15x2.txt                 tt 2 15   2    905.37    893.59    11.78     2141.45   60643.6
1855732883   test2_15x2.txt                 tt 2 15   2    905.37    893.59    11.78     5597.02   60359.3
1858279865   test2_15x2.txt                 tt 2 15   2    905.37    893.59    11.78     17.792    60432.8
1030105527   test2_15x5.txt                 tt 2 15   5    681.62    388.03    293.59    14565.4   60041.7
141748002    test2_15x5.txt                 tt 2 15   5    677.57    391.82    285.75    3229.67   60001.8
1573756134   test2_15x5.txt                 tt 2 15   5    677.57    391.82    285.75    19715.9   60111.4
1855732883   test2_15x5.txt                 tt 2 15   5    682.71    393.22    289.49    30462.6   60138.2
1858279865   test2_15x5.txt                 tt 2 15   5    691.8     411.3     280.5     1536.76   60001.6
1030105527   test2_20x10.txt                tt 2 20   10   3308.12   1476.13   1831.99   45791.7   60007
141748002    test2_20x10.txt                tt 2 20   10   3207.33   1397.46   1809.87   49330.3   60008.7
1573756134   test2_20x10.txt                tt 2 20   10   3242.14   1434.19   1807.95   25951.7   60005.5
1855732883   test2_20x10.txt                tt 2 20   10   3493.61   1631.47   1862.14   53562.6   60005.2
1858279865   test2_20x10.txt                tt 2 20   10   3238.19   1307.64   1930.55   39382.1   60329.6
1030105527   test2_20x2.txt                 tt 2 20   2    1452.05   1226.45   225.6     24466.9   60134
141748002    test2_20x2.txt                 tt 2 20   2    1448.66   1227.93   220.73    15706.8   60961.2
1573756134   test2_20x2.txt                 tt 2 20   2    1448.66   1227.93   220.73    8454.7    60897.3
1855732883   test2_20x2.txt                 tt 2 20   2    1448.66   1227.93   220.73    36023.6   60080.8
1858279865   test2_20x2.txt                 tt 2 20   2    1452.05   1226.45   225.6     13282.6   60028.8
1030105527   test2_20x5.txt                 tt 2 20   5    1808.36   1165.51   642.85    16847.9   60945.9
141748002    test2_20x5.txt                 tt 2 20   5    1815.79   1179.74   636.05    11364.7   60293.2
1573756134   test2_20x5.txt                 tt 2 20   5    1802.78   1148.58   654.2     55890.3   60002.7
1855732883   test2_20x5.txt                 tt 2 20   5    1807.21   1144.74   662.47    47258.5   60379.8
1858279865   test2_20x5.txt                 tt 2 20   5    1810.8    1165.71   645.09    32946.2   60620.9
