1030105527   test1_10x10.txt                554
1030105527   test1_10x10.txt                le 1 10   10   371.04    161.26    209.78    6332.48   60001.4
141748002    test1_10x10.txt                523
141748002    test1_10x10.txt                le 1 10   10   371.04    161.26    209.78    27147.9   60001.5
1573756134   test1_10x10.txt                575
1573756134   test1_10x10.txt                le 1 10   10   360.74    184.07    176.67    10259     60001.4
1855732883   test1_10x10.txt                525
1855732883   test1_10x10.txt                le 1 10   10   375.6     149.12    226.48    1685.34   60001.6
1858279865   test1_10x10.txt                511
1858279865   test1_10x10.txt                le 1 10   10   360.74    184.07    176.67    20294.1   60001.5
1030105527   test1_10x2.txt                 166
1030105527   test1_10x2.txt                 le 1 10   2    224.84    185.19    39.65     0.44      60608.8
141748002    test1_10x2.txt                 152
141748002    test1_10x2.txt                 le 1 10   2    224.84    185.19    39.65     7.697     60667.1
1573756134   test1_10x2.txt                 160
1573756134   test1_10x2.txt                 le 1 10   2    224.84    185.19    39.65     4.897     60598.8
1855732883   test1_10x2.txt                 146
1855732883   test1_10x2.txt                 le 1 10   2    224.84    185.19    39.65     0.45      60832.6
1858279865   test1_10x2.txt                 153
1858279865   test1_10x2.txt                 le 1 10   2    224.84    185.19    39.65     328.395   60290.2
1030105527   test1_10x5.txt                 798
1030105527   test1_10x5.txt                 le 1 10   5    1743.64   1659.44   84.2      43405.2   60161.9
141748002    test1_10x5.txt                 601
141748002    test1_10x5.txt                 le 1 10   5    1743.64   1659.44   84.2      4402.94   60001.3
1573756134   test1_10x5.txt                 886
1573756134   test1_10x5.txt                 le 1 10   5    1762.72   1612.25   150.47    808.591   60001.1
1855732883   test1_10x5.txt                 726
1855732883   test1_10x5.txt                 le 1 10   5    1738.05   1653.85   84.2      12074.6   60001
1858279865   test1_10x5.txt                 708
1858279865   test1_10x5.txt                 le 1 10   5    1738.05   1653.85   84.2      4511.76   60046.4
1030105527   test1_15x10.txt                169
1030105527   test1_15x10.txt                le 1 15   10   972.38    487.11    485.27    48017.4   60002.8
141748002    test1_15x10.txt                167
141748002    test1_15x10.txt                le 1 15   10   959.41    502.65    456.76    57640.2   60002.6
1573756134   test1_15x10.txt                153
1573756134   test1_15x10.txt                le 1 15   10   917.25    412.81    504.44    46686.2   60003.7
1855732883   test1_15x10.txt                143
1855732883   test1_15x10.txt                le 1 15   10   971.8     530.21    441.59    19008     60004.7
1858279865   test1_15x10.txt                147
1858279865   test1_15x10.txt                le 1 15   10   963.44    521.35    442.09    16313.1   60003
1030105527   test1_15x2.txt                 89
1030105527   test1_15x2.txt                 le 1 15   2    1041.33   1017.4    23.93     27443.3   60343.6
141748002    test1_15x2.txt                 88
141748002    test1_15x2.txt                 le 1 15   2    1041.33   1017.4    23.93     86.739    60204.3
1573756134   test1_15x2.txt                 84
1573756134   test1_15x2.txt                 le 1 15   2    1041.33   1017.4    23.93     50213.6   60068.1
1855732883   test1_15x2.txt                 100
1855732883   test1_15x2.txt                 le 1 15   2    1041.33   1017.4    23.93     5261.41   60088.8
1858279865   test1_15x2.txt                 90
1858279865   test1_15x2.txt                 le 1 15   2    1041.33   1017.4    23.93     20722.6   60792.1
1030105527   test1_15x5.txt                 260
1030105527   test1_15x5.txt                 le 1 15   5    3196.85   2935.56   261.29    12884     60001.5
141748002    test1_15x5.txt                 287
141748002    test1_15x5.txt                 le 1 15   5    3247.89   2948.94   298.95    7844.52   60001.7
1573756134   test1_15x5.txt                 312
1573756134   test1_15x5.txt                 le 1 15   5    3223.17   2931.81   291.36    13310.2   60001.5
1855732883   test1_15x5.txt                 271
1855732883   test1_15x5.txt                 le 1 15   5    3223.17   2931.81   291.36    3098.36   60034.4
1858279865   test1_15x5.txt                 296
1858279865   test1_15x5.txt                 le 1 15   5    3318.14   3013.88   304.26    5540.66   60187.3
1030105527   test1_20x10.txt                72
1030105527   test1_20x10.txt                le 1 20   10   4613.54   2675.62   1937.92   38094.4   60006
141748002    test1_20x10.txt                77
141748002    test1_20x10.txt                le 1 20   10   4936.42   3357.66   1578.76   33512.8   60005.5
1573756134   test1_20x10.txt                77
1573756134   test1_20x10.txt                le 1 20   10   5034.41   3504.15   1530.26   53661.9   60006.1
1855732883   test1_20x10.txt                71
1855732883   test1_20x10.txt                le 1 20   10   5262.84   3759.65   1503.19   39570.1   60005.8
1858279865   test1_20x10.txt                77
1858279865   test1_20x10.txt                le 1 20   10   4662.58   3041.91   1620.67   55426.1   60005.5
1030105527   test1_20x2.txt                 66
1030105527   test1_20x2.txt                 le 1 20   2    2548.95   2528.89   20.06     58874.4   60906.2
141748002    test1_20x2.txt                 66
141748002    test1_20x2.txt                 le 1 20   2    2548.95   2528.89   20.06     5235.57   60800.2
1573756134   test1_20x2.txt                 66
1573756134   test1_20x2.txt                 le 1 20   2    2548.95   2528.89   20.06     22901.2   60902.9
1855732883   test1_20x2.txt                 65
1855732883   test1_20x2.txt                 le 1 20   2    2548.95   2528.89   20.06     31492.1   60635.6
1858279865   test1_20x2.txt                 66
1858279865   test1_20x2.txt                 le 1 20   2    2548.95   2528.89   20.06     6.558     60565.8
1030105527   test1_20x5.txt                 137
1030105527   test1_20x5.txt                 le 1 20   5    7635.44   7185.55   449.89    13952.8   60002.3
141748002    test1_20x5.txt                 120
141748002    test1_20x5.txt                 le 1 20   5    7655.13   7303.34   351.79    18567     60002.4
1573756134   test1_20x5.txt                 124
1573756134   test1_20x5.txt                 le 1 20   5    7779.91   7418.74   361.17    12995.1   60002.5
1855732883   test1_20x5.txt                 106
1855732883   test1_20x5.txt                 le 1 20   5    7664.26   7277.68   386.58    58849.5   60005.4
1858279865   test1_20x5.txt                 100
1858279865   test1_20x5.txt                 le 1 20   5    7727.1    7345.58   381.52    42061.4   60042.4
1030105527   test2_10x10.txt                444
1030105527   test2_10x10.txt                le 2 10   10   249.85    104.01    145.84    18982.3   60001.4
141748002    test2_10x10.txt                436
141748002    test2_10x10.txt                le 2 10   10   249.85    104.01    145.84    11875.3   60001.4
1573756134   test2_10x10.txt                464
1573756134   test2_10x10.txt                le 2 10   10   255.23    105.5     149.73    18273.4   60001.5
1855732883   test2_10x10.txt                473
1855732883   test2_10x10.txt                le 2 10   10   249.85    104.01    145.84    8022.18   60001.4
1858279865   test2_10x10.txt                397
1858279865   test2_10x10.txt                le 2 10   10   249.85    104.01    145.84    9971.84   60001.6
1030105527   test2_10x2.txt                 215
1030105527   test2_10x2.txt                 le 2 10   2    319.37    157.16    162.21    845.017   60003.4
141748002    test2_10x2.txt                 134
141748002    test2_10x2.txt                 le 2 10   2    324.43    179.18    145.25    3875.48   60649.6
1573756134   test2_10x2.txt                 123
1573756134   test2_10x2.txt                 le 2 10   2    324.43    179.18    145.25    40.848    60762.4
1855732883   test2_10x2.txt                 219
1855732883   test2_10x2.txt                 le 2 10   2    319.37    157.16    162.21    2946.23   60000.5
1858279865   test2_10x2.txt                 194
1858279865   test2_10x2.txt                 le 2 10   2    319.37    157.16    162.21    171.472   60585.2
1030105527   test2_10x5.txt                 681
1030105527   test2_10x5.txt                 le 2 10   5    989.05    662.67    326.38    1289.72   60017.8
141748002    test2_10x5.txt                 656
141748002    test2_10x5.txt                 le 2 10   5    971.96    718.98    252.98    2029.68   60008.2
1573756134   test2_10x5.txt                 742
1573756134   test2_10x5.txt                 le 2 10   5    967.73    641.05    326.68    809.204   60103.7
1855732883   test2_10x5.txt                 727
1855732883   test2_10x5.txt                 le 2 10   5    989.05    662.67    326.38    2188.31   60043.5
1858279865   test2_10x5.txt                 529
1858279865   test2_10x5.txt                 le 2 10   5    976.28    814.76    161.52    2951.03   60008.8
1030105527   test2_15x10.txt                170
1030105527   test2_15x10.txt                le 2 15   10   1649.78   734.7     915.08    14651.2   60003.1
141748002    test2_15x10.txt                158
141748002    test2_15x10.txt                le 2 15   10   1612.04   741.13    870.91    34851.5   60003.1
1573756134   test2_15x10.txt                155
1573756134   test2_15x10.txt                le 2 15   10   1599.17   670.61    928.56    17889.2   60003.3
1855732883   test2_15x10.txt                168
1855732883   test2_15x10.txt                le 2 15   10   1598.25   728.57    869.68    46597.1   60003
1858279865   test2_15x10.txt                166
1858279865   test2_15x10.txt                le 2 15   10   1543.5    714.15    829.35    50523.3   60004.7
1030105527   test2_15x2.txt                 83
1030105527   test2_15x2.txt                 le 2 15   2    505.16    318.92    186.24    9461.56   60721
141748002    test2_15x2.txt                 73
141748002    test2_15x2.txt                 le 2 15   2    497.97    340.91    157.06    40922.6   60838.1
1573756134   test2_15x2.txt                 75
1573756134   test2_15x2.txt                 le 2 15   2    500.86    349.63    151.23    12828     60242.3
1855732883   test2_15x2.txt                 94
1855732883   test2_15x2.txt                 le 2 15   2    497.97    340.91    157.06    25303.7   60401.6
1858279865   test2_15x2.txt                 75
1858279865   test2_15x2.txt                 le 2 15   2    497.97    340.91    157.06    39374.2   60071.9
1030105527   test2_15x5.txt                 63
1030105527   test2_15x5.txt                 le 2 15   5    3290.7    2680.17   610.53    34319.2   60522.2
141748002    test2_15x5.txt                 164
141748002    test2_15x5.txt                 le 2 15   5    3276.3    2649.23   627.07    59155.6   60118.8
1573756134   test2_15x5.txt                 176
1573756134   test2_15x5.txt                 le 2 15   5    3290.7    2680.17   610.53    11761.2   60792.2
1855732883   test2_15x5.txt                 221
1855732883   test2_15x5.txt                 le 2 15   5    3283.43   2672.9    610.53    28173.1   60001.8
1858279865   test2_15x5.txt                 212
1858279865   test2_15x5.txt                 le 2 15   5    3283.43   2672.9    610.53    19996.9   60081.7
1030105527   test2_20x10.txt                76
1030105527   test2_20x10.txt                le 2 20   10   1701.13   1205.57   495.56    42485.7   60005.6
141748002    test2_20x10.txt                69
141748002    test2_20x10.txt                le 2 20   10   1665.66   1088.04   577.62    52878.2   60005.6
1573756134   test2_20x10.txt                75
1573756134   test2_20x10.txt                le 2 20   10   1719.37   1223.96   495.41    57578.8   60004.9
1855732883   test2_20x10.txt                70
1855732883   test2_20x10.txt                le 2 20   10   1692.91   1187.19   505.72    46775.1   60004.8
1858279865   test2_20x10.txt                73
1858279865   test2_20x10.txt                le 2 20   10   1668.84   1162.34   506.5     40072.3   60005.1
1030105527   test2_20x2.txt                 69
1030105527   test2_20x2.txt                 le 2 20   2    3069.13   2984.99   84.14     14812.6   60841.1
141748002    test2_20x2.txt                 75
141748002    test2_20x2.txt                 le 2 20   2    3069.13   2984.99   84.14     8101.29   60904.7
1573756134   test2_20x2.txt                 68
1573756134   test2_20x2.txt                 le 2 20   2    3069.13   2984.99   84.14     7.391     60012.9
1855732883   test2_20x2.txt                 63
1855732883   test2_20x2.txt                 le 2 20   2    3069.13   2984.99   84.14     12475.4   60296.7
1858279865   test2_20x2.txt                 65
1858279865   test2_20x2.txt                 le 2 20   2    3069.13   2984.99   84.14     3138.36   60483.1
1030105527   test2_20x5.txt                 95
1030105527   test2_20x5.txt                 le 2 20   5    7091.36   6220.52   870.84    44194.2   60195.4
141748002    test2_20x5.txt                 105
141748002    test2_20x5.txt                 le 2 20   5    7128.48   6267.63   860.85    56120.1   60002.4
1573756134   test2_20x5.txt                 91
1573756134   test2_20x5.txt                 le 2 20   5    7137.94   6212.37   925.57    53054.3   60212.8
1855732883   test2_20x5.txt                 114
1855732883   test2_20x5.txt                 le 2 20   5    7030.15   6118.84   911.31    24173.9   60002.8
1858279865   test2_20x5.txt                 95
1858279865   test2_20x5.txt                 le 2 20   5    7098.97   6163.76   935.21    14793.7   60572.8
1030105527   test1_10x10.txt                449
1030105527   test1_10x10.txt                lt 1 10   10   386.4     89.7      296.7     16785.1   60018.9
141748002    test1_10x10.txt                450
141748002    test1_10x10.txt                lt 1 10   10   374.2     137.09    237.11    1589.25   60003.1
1573756134   test1_10x10.txt                442
1573756134   test1_10x10.txt                lt 1 10   10   375.71    143.52    232.19    32871.9   60001.7
1855732883   test1_10x10.txt                481
1855732883   test1_10x10.txt                lt 1 10   10   383.36    122.16    261.2     6050.43   60001.6
1858279865   test1_10x10.txt                466
1858279865   test1_10x10.txt                lt 1 10   10   382.94    128.72    254.22    20481.8   60001.7
1030105527   test1_10x2.txt                 490
1030105527   test1_10x2.txt                 lt 1 10   2    416.44    390.34    26.1      0.133     60009.1
141748002    test1_10x2.txt                 460
141748002    test1_10x2.txt                 lt 1 10   2    416.44    390.34    26.1      125.314   60159.6
1573756134   test1_10x2.txt                 470
1573756134   test1_10x2.txt                 lt 1 10   2    416.44    390.34    26.1      0.067     60231.3
1855732883   test1_10x2.txt                 435
1855732883   test1_10x2.txt                 lt 1 10   2    416.44    390.34    26.1      7.097     60089.7
1858279865   test1_10x2.txt                 439
1858279865   test1_10x2.txt                 lt 1 10   2    416.44    390.34    26.1      209.763   60170
1030105527   test1_10x5.txt                 744
1030105527   test1_10x5.txt                 lt 1 10   5    176.83    57.5      119.33    2758.66   60829.1
141748002    test1_10x5.txt                 656
141748002    test1_10x5.txt                 lt 1 10   5    176.83    57.5      119.33    200.046   60055.7
1573756134   test1_10x5.txt                 643
1573756134   test1_10x5.txt                 lt 1 10   5    178.91    56.99     121.92    2086.4    60001.2
1855732883   test1_10x5.txt                 675
1855732883   test1_10x5.txt                 lt 1 10   5    175.08    57        118.08    3303.53   60012.4
1858279865   test1_10x5.txt                 702
1858279865   test1_10x5.txt                 lt 1 10   5    175.08    57        118.08    4705.23   60001
1030105527   test1_15x10.txt                181
1030105527   test1_15x10.txt                lt 1 15   10   289.24    109.68    179.56    13545.1   60002.9
141748002    test1_15x10.txt                174
141748002    test1_15x10.txt                lt 1 15   10   298.48    71.84     226.64    29470.2   60002.3
1573756134   test1_15x10.txt                166
1573756134   test1_15x10.txt                lt 1 15   10   282.88    85.71     197.17    38554.4   60002.4
1855732883   test1_15x10.txt                169
1855732883   test1_15x10.txt                lt 1 15   10   293.99    67.85     226.14    37067     60002.5
1858279865   test1_15x10.txt                152
1858279865   test1_15x10.txt                lt 1 15   10   288.13    78.98     209.15    50874     60002.7
1030105527   test1_15x2.txt                 69
1030105527   test1_15x2.txt                 lt 1 15   2    654.84    641.58    13.26     2072.44   60749.2
141748002    test1_15x2.txt                 75
141748002    test1_15x2.txt                 lt 1 15   2    654.84    641.58    13.26     7722.09   60587.2
1573756134   test1_15x2.txt                 64
1573756134   test1_15x2.txt                 lt 1 15   2    654.84    641.58    13.26     5323.74   60308.3
1855732883   test1_15x2.txt                 67
1855732883   test1_15x2.txt                 lt 1 15   2    654.84    641.58    13.26     0.728     60053.1
1858279865   test1_15x2.txt                 73
1858279865   test1_15x2.txt                 lt 1 15   2    654.84    641.58    13.26     1940.89   60870.3
1030105527   test1_15x5.txt                 169
1030105527   test1_15x5.txt                 lt 1 15   5    1283.29   1048.92   234.37    2258.15   60002
141748002    test1_15x5.txt                 177
141748002    test1_15x5.txt                 lt 1 15   5    1276.05   1043.59   232.46    32235.6   60145.6
1573756134   test1_15x5.txt                 182
1573756134   test1_15x5.txt                 lt 1 15   5    1281.78   1047.41   234.37    29017.7   60002
1855732883   test1_15x5.txt                 158
1855732883   test1_15x5.txt                 lt 1 15   5    1285.41   1044.96   240.45    59224.8   60356.2
1858279865   test1_15x5.txt                 192
1858279865   test1_15x5.txt                 lt 1 15   5    1281.41   1037.5    243.91    18300.8   60001.8
1030105527   test1_20x10.txt                68
1030105527   test1_20x10.txt                lt 1 20   10   5012.71   4755.32   257.39    54992.1   60006
141748002    test1_20x10.txt                65
141748002    test1_20x10.txt                lt 1 20   10   5381.52   5155.54   225.98    39310.5   60807
1573756134   test1_20x10.txt                73
1573756134   test1_20x10.txt                lt 1 20   10   5248.45   4993.94   254.51    13766.1   60005.4
1855732883   test1_20x10.txt                74
1855732883   test1_20x10.txt                lt 1 20   10   4996.69   4723.22   273.47    52374.8   60005.2
1858279865   test1_20x10.txt                74
1858279865   test1_20x10.txt                lt 1 20   10   5184.66   4940.81   243.85    56873.6   60116.5
1030105527   test1_20x2.txt                 61
1030105527   test1_20x2.txt                 lt 1 20   2    1204.19   1098.55   105.64    58072.5   60107.8
141748002    test1_20x2.txt                 66
141748002    test1_20x2.txt                 lt 1 20   2    1206.97   1104.92   102.05    17931.4   60484
1573756134   test1_20x2.txt                 66
1573756134   test1_20x2.txt                 lt 1 20   2    1206.97   1104.92   102.05    44775     60900.9
1855732883   test1_20x2.txt                 64
1855732883   test1_20x2.txt                 lt 1 20   2    1203.88   1096.63   107.25    35762     60094.8
1858279865   test1_20x2.txt                 62
1858279865   test1_20x2.txt                 lt 1 20   2    1203.88   1096.63   107.25    23895.2   60962.9
1030105527   test1_20x5.txt                 86
1030105527   test1_20x5.txt                 lt 1 20   5    2909.46   2574.23   335.23    34679     60005.2
141748002    test1_20x5.txt                 90
141748002    test1_20x5.txt                 lt 1 20   5    2999.16   2651.4    347.76    60098.4   60100.8
1573756134   test1_20x5.txt                 111
1573756134   test1_20x5.txt                 lt 1 20   5    3112.82   2800.11   312.71    8742.29   60033.2
1855732883   test1_20x5.txt                 113
1855732883   test1_20x5.txt                 lt 1 20   5    3068.24   2744.64   323.6     37652.3   60393.4
1858279865   test1_20x5.txt                 119
1858279865   test1_20x5.txt                 lt 1 20   5    3243.29   2922.06   321.23    30150.9   60002.4
1030105527   test2_10x10.txt                460
1030105527   test2_10x10.txt                lt 2 10   10   144.94    52.98     91.96     1883.12   60001.4
141748002    test2_10x10.txt                442
141748002    test2_10x10.txt                lt 2 10   10   146.06    49.98     96.08     1170.47   60001.9
1573756134   test2_10x10.txt                437
1573756134   test2_10x10.txt                lt 2 10   10   146.06    49.98     96.08     5025.64   60076.6
1855732883   test2_10x10.txt                456
1855732883   test2_10x10.txt                lt 2 10   10   144.94    52.98     91.96     8530.73   60001.7
1858279865   test2_10x10.txt                443
1858279865   test2_10x10.txt                lt 2 10   10   146.06    49.98     96.08     1004.32   60001.6
1030105527   test2_10x2.txt                 432
1030105527   test2_10x2.txt                 lt 2 10   2    137.94    66.09     71.85     97.256    60336
141748002    test2_10x2.txt                 407
141748002    test2_10x2.txt                 lt 2 10   2    137.94    66.09     71.85     507.876   60000.6
1573756134   test2_10x2.txt                 451
1573756134   test2_10x2.txt                 lt 2 10   2    137.94    66.09     71.85     493.101   60199.5
1855732883   test2_10x2.txt                 410
1855732883   test2_10x2.txt                 lt 2 10   2    137.94    66.09     71.85     210.869   60211.4
1858279865   test2_10x2.txt                 411
1858279865   test2_10x2.txt                 lt 2 10   2    137.94    66.09     71.85     371.137   60065.2
1030105527   test2_10x5.txt                 581
1030105527   test2_10x5.txt                 lt 2 10   5    492.11    457.24    34.87     8720.77   60810.3
141748002    test2_10x5.txt                 693
141748002    test2_10x5.txt                 lt 2 10   5    488.78    444.52    44.26     57279.2   60001.2
1573756134   test2_10x5.txt                 622
1573756134   test2_10x5.txt                 lt 2 10   5    492.05    458.09    33.96     347.512   60083.6
1855732883   test2_10x5.txt                 663
1855732883   test2_10x5.txt                 lt 2 10   5    488.78    444.52    44.26     23696.5   60846.2
1858279865   test2_10x5.txt                 654
1858279865   test2_10x5.txt                 lt 2 10   5    485.06    440.51    44.55     45512.7   60001.2
1030105527   test2_15x10.txt                155
1030105527   test2_15x10.txt                lt 2 15   10   586.75    264.49    322.26    22791.3   60003
141748002    test2_15x10.txt                155
141748002    test2_15x10.txt                lt 2 15   10   594.98    293.31    301.67    30280.6   60002.8
1573756134   test2_15x10.txt                152
1573756134   test2_15x10.txt                lt 2 15   10   588.4     264.8     323.6     4209.57   60003
1855732883   test2_15x10.txt                151
1855732883   test2_15x10.txt                lt 2 15   10   586.09    235.36    350.73    38751.4   60003.7
1858279865   test2_15x10.txt                124
1858279865   test2_15x10.txt                lt 2 15   10   589.04    259.94    329.1     45767.2   60002.8
1030105527   test2_15x2.txt                 82
1030105527   test2_15x2.txt                 lt 2 15   2    290.88    128.55    162.33    4.803     60216
141748002    test2_15x2.txt                 70
141748002    test2_15x2.txt                 lt 2 15   2    290.88    128.55    162.33    1040.3    60796.4
1573756134   test2_15x2.txt                 71
1573756134   test2_15x2.txt                 lt 2 15   2    290.88    128.55    162.33    2062.45   60310.8
1855732883   test2_15x2.txt                 68
1855732883   test2_15x2.txt                 lt 2 15   2    290.88    128.55    162.33    10.059    60319.6
1858279865   test2_15x2.txt                 84
1858279865   test2_15x2.txt                 lt 2 15   2    290.88    128.55    162.33    38129.8   60000.9
1030105527   test2_15x5.txt                 151
1030105527   test2_15x5.txt                 lt 2 15   5    354.67    125.54    229.13    20865.6   60700.4
141748002    test2_15x5.txt                 139
141748002    test2_15x5.txt                 lt 2 15   5    340.1     149.04    191.06    36077.2   60001.9
1573756134   test2_15x5.txt                 188
1573756134   test2_15x5.txt                 lt 2 15   5    375.8     97.26     278.54    9388.58   60001.6
1855732883   test2_15x5.txt                 174
1855732883   test2_15x5.txt                 lt 2 15   5    328.17    133.13    195.04    13951.2   60120.4
1858279865   test2_15x5.txt                 183
1858279865   test2_15x5.txt                 lt 2 15   5    360.2     85.82     274.38    29197.8   60002
1030105527   test2_20x10.txt                70
1030105527   test2_20x10.txt                lt 2 20   10   1545.57   547.08    998.49    56872.3   60004.6
141748002    test2_20x10.txt                73
141748002    test2_20x10.txt                lt 2 20   10   1469.23   469.45    999.78    59430     60005.3
1573756134   test2_20x10.txt                73
1573756134   test2_20x10.txt                lt 2 20   10   1603.42   628.02    975.4     35445.3   60005.2
1855732883   test2_20x10.txt                71
1855732883   test2_20x10.txt                lt 2 20   10   1589.89   477.68    1112.21   59000.7   60005.8
1858279865   test2_20x10.txt                68
1858279865   test2_20x10.txt                lt 2 20   10   1493.09   526.66    966.43    51260.3   60215.3
1030105527   test2_20x2.txt                 65
1030105527   test2_20x2.txt                 lt 2 20   2    772.85    733.15    39.7      18726.1   60383.3
141748002    test2_20x2.txt                 70
141748002    test2_20x2.txt                 lt 2 20   2    772.85    733.15    39.7      32704.6   60562.8
1573756134   test2_20x2.txt                 63
1573756134   test2_20x2.txt                 lt 2 20   2    782.39    746.34    36.05     35832     60102.4
1855732883   test2_20x2.txt                 65
1855732883   test2_20x2.txt                 lt 2 20   2    782.39    746.34    36.05     30585.8   60772
1858279865   test2_20x2.txt                 68
1858279865   test2_20x2.txt                 lt 2 20   2    782.39    746.34    36.05     5318.05   60982.7
1030105527   test2_20x5.txt                 115
1030105527   test2_20x5.txt                 lt 2 20   5    3792.68   3707.66   85.02     53405.9   60002.1
141748002    test2_20x5.txt                 118
141748002    test2_20x5.txt                 lt 2 20   5    3606.39   3521.17   85.22     54920     60323.3
1573756134   test2_20x5.txt                 117
1573756134   test2_20x5.txt                 lt 2 20   5    3669.35   3578.41   90.94     28395.8   60040.4
1855732883   test2_20x5.txt                 96
1855732883   test2_20x5.txt                 lt 2 20   5    3914.33   3820.72   93.61     16013.1   60048.1
1858279865   test2_20x5.txt                 120
1858279865   test2_20x5.txt                 lt 2 20   5    3766.64   3674.43   92.21     36014.5   60456.6
1030105527   test1_10x10.txt                437
1030105527   test1_10x10.txt                te 1 10   10   1281.66   904.67    376.99    2432.7    60002.4
141748002    test1_10x10.txt                494
141748002    test1_10x10.txt                te 1 10   10   1307.44   991       316.44    347.818   60002
1573756134   test1_10x10.txt                526
1573756134   test1_10x10.txt                te 1 10   10   1304.73   999.64    305.09    363.137   60002
1855732883   test1_10x10.txt                511
1855732883   test1_10x10.txt                te 1 10   10   1301.46   958.07    343.39    2279.11   60002.2
1858279865   test1_10x10.txt                491
1858279865   test1_10x10.txt                te 1 10   10   1277.44   917.75    359.69    37848.8   60002.2
1030105527   test1_10x2.txt                 204
1030105527   test1_10x2.txt                 te 1 10   2    461.96    379.78    82.18     1018.01   60200.6
141748002    test1_10x2.txt                 176
141748002    test1_10x2.txt                 te 1 10   2    461.96    379.78    82.18     662.581   60212.3
1573756134   test1_10x2.txt                 172
1573756134   test1_10x2.txt                 te 1 10   2    461.96    379.78    82.18     2015.67   60610.5
1855732883   test1_10x2.txt                 161
1855732883   test1_10x2.txt                 te 1 10   2    461.96    379.78    82.18     1834.05   60014.8
1858279865   test1_10x2.txt                 170
1858279865   test1_10x2.txt                 te 1 10   2    461.96    379.78    82.18     2157.56   60279.6
1030105527   test1_10x5.txt                 742
1030105527   test1_10x5.txt                 te 1 10   5    705.45    434.12    271.33    1506.97   60006
141748002    test1_10x5.txt                 795
141748002    test1_10x5.txt                 te 1 10   5    724.82    411.24    313.58    806.562   60001.1
1573756134   test1_10x5.txt                 769
1573756134   test1_10x5.txt                 te 1 10   5    724.82    411.24    313.58    3339.49   60031.8
1855732883   test1_10x5.txt                 780
1855732883   test1_10x5.txt                 te 1 10   5    733.27    426.25    307.02    946.233   60007.7
1858279865   test1_10x5.txt                 818
1858279865   test1_10x5.txt                 te 1 10   5    690.29    418.16    272.13    1830.66   60001
1030105527   test1_15x10.txt                177
1030105527   test1_15x10.txt                te 1 15   10   6785.85   6728.39   57.46     58437.6   60003.4
141748002    test1_15x10.txt                186
141748002    test1_15x10.txt                te 1 15   10   6787.15   6732.39   54.76     38032.2   60003.4
1573756134   test1_15x10.txt                196
1573756134   test1_15x10.txt                te 1 15   10   6726.67   6647.25   79.42     59119.2   60003.2
1855732883   test1_15x10.txt                190
1855732883   test1_15x10.txt                te 1 15   10   6680.3    6625.54   54.76     22893.2   60003.3
1858279865   test1_15x10.txt                173
1858279865   test1_15x10.txt                te 1 15   10   6722.7    6661.58   61.12     11202.8   60003.2
1030105527   test1_15x2.txt                 77
1030105527   test1_15x2.txt                 te 1 15   2    3344.54   3291.15   53.39     1040.03   60018.3
141748002    test1_15x2.txt                 81
141748002    test1_15x2.txt                 te 1 15   2    3344.54   3291.15   53.39     8413.4    60104.6
1573756134   test1_15x2.txt                 84
1573756134   test1_15x2.txt                 te 1 15   2    3344.54   3291.15   53.39     1258.49   60453
1855732883   test1_15x2.txt                 87
1855732883   test1_15x2.txt                 te 1 15   2    3344.54   3291.15   53.39     1044.81   60731.2
1858279865   test1_15x2.txt                 86
1858279865   test1_15x2.txt                 te 1 15   2    3344.54   3291.15   53.39     18312.2   60167.8
1030105527   test1_15x5.txt                 294
1030105527   test1_15x5.txt                 te 1 15   5    1318.68   1092.34   226.34    23082.3   60065.6
141748002    test1_15x5.txt                 317
141748002    test1_15x5.txt                 te 1 15   5    1337.19   1103.42   233.77    5503.93   60043.4
1573756134   test1_15x5.txt                 335
1573756134   test1_15x5.txt                 te 1 15   5    1318.68   1092.34   226.34    44156.8   60001.7
1855732883   test1_15x5.txt                 334
1855732883   test1_15x5.txt                 te 1 15   5    1318.68   1092.34   226.34    1703.5    60002.4
1858279865   test1_15x5.txt                 337
1858279865   test1_15x5.txt                 te 1 15   5    1318.68   1092.34   226.34    1288.83   60223
1030105527   test1_20x10.txt                73
1030105527   test1_20x10.txt                te 1 20   10   11717.9   11312.7   405.19    28342.2   60005
141748002    test1_20x10.txt                88
141748002    test1_20x10.txt                te 1 20   10   10927.9   10482.6   445.31    58925.6   60004.6
1573756134   test1_20x10.txt                83
1573756134   test1_20x10.txt                te 1 20   10   10825.4   10388.1   437.26    55794.6   60006
1855732883   test1_20x10.txt                93
1855732883   test1_20x10.txt                te 1 20   10   11096.8   10668     428.77    24701.6   60006.1
1858279865   test1_20x10.txt                84
1858279865   test1_20x10.txt                te 1 20   10   10807     10421.3   385.71    54601     60005.2
1030105527   test1_20x2.txt                 72
1030105527   test1_20x2.txt                 te 1 20   2    1933.72   1929.76   3.96      17649.6   60686.3
141748002    test1_20x2.txt                 69
141748002    test1_20x2.txt                 te 1 20   2    1933.72   1929.76   3.96      8446.34   60214.4
1573756134   test1_20x2.txt                 65
1573756134   test1_20x2.txt                 te 1 20   2    1933.72   1929.76   3.96      22592.3   60797.9
1855732883   test1_20x2.txt                 64
1855732883   test1_20x2.txt                 te 1 20   2    1933.72   1929.76   3.96      46920.7   60363.9
1858279865   test1_20x2.txt                 65
1858279865   test1_20x2.txt                 te 1 20   2    1935.99   1932.03   3.96      58344.2   60451.8
1030105527   test1_20x5.txt                 87
1030105527   test1_20x5.txt                 te 1 20   5    2924.34   1717.05   1207.29   48058.5   60002.5
141748002    test1_20x5.txt                 87
141748002    test1_20x5.txt                 te 1 20   5    2858.15   1727.44   1130.71   46614.9   60220.2
1573756134   test1_20x5.txt                 108
1573756134   test1_20x5.txt                 te 1 20   5    2851.6    1572.57   1279.03   15313.4   60346.9
1855732883   test1_20x5.txt                 92
1855732883   test1_20x5.txt                 te 1 20   5    2871.19   1774.44   1096.75   22598     60196.1
1858279865   test1_20x5.txt                 91
1858279865   test1_20x5.txt                 te 1 20   5    2936.43   1666.6    1269.83   18447.3   60663.6
1030105527   test2_10x10.txt                522
1030105527   test2_10x10.txt                te 2 10   10   1908.64   970.54    938.1     21270     60021.5
141748002    test2_10x10.txt                545
141748002    test2_10x10.txt                te 2 10   10   1902.42   1090.86   811.56    2909.29   60015.2
1573756134   test2_10x10.txt                500
1573756134   test2_10x10.txt                te 2 10   10   1824.5    694.13    1130.37   4652.14   60002.1
1855732883   test2_10x10.txt                508
1855732883   test2_10x10.txt                te 2 10   10   1870.74   992.38    878.36    6312.81   60023.4
1858279865   test2_10x10.txt                476
1858279865   test2_10x10.txt                te 2 10   10   1941.71   1034.8    906.91    11648.9   60002.3
1030105527   test2_10x2.txt                 608
1030105527   test2_10x2.txt                 te 2 10   2    448.32    436.29    12.03     30.008    60238.4
141748002    test2_10x2.txt                 692
141748002    test2_10x2.txt                 te 2 10   2    448.32    436.29    12.03     25.888    60025.9
1573756134   test2_10x2.txt                 537
1573756134   test2_10x2.txt                 te 2 10   2    448.32    436.29    12.03     284.167   60154.3
1855732883   test2_10x2.txt                 523
1855732883   test2_10x2.txt                 te 2 10   2    448.32    436.29    12.03     0.756     60034.3
1858279865   test2_10x2.txt                 638
1858279865   test2_10x2.txt                 te 2 10   2    448.32    436.29    12.03     604.083   60341.2
1030105527   test2_10x5.txt                 922
1030105527   test2_10x5.txt                 te 2 10   5    763.24    695.79    67.45     11101.6   60025
141748002    test2_10x5.txt                 925
141748002    test2_10x5.txt                 te 2 10   5    763.24    695.79    67.45     292.101   60006.8
1573756134   test2_10x5.txt                 936
1573756134   test2_10x5.txt                 te 2 10   5    763.24    695.79    67.45     268.131   60001
1855732883   test2_10x5.txt                 948
1855732883   test2_10x5.txt                 te 2 10   5    763.24    695.79    67.45     1316.52   60001
1858279865   test2_10x5.txt                 910
1858279865   test2_10x5.txt                 te 2 10   5    763.24    695.79    67.45     29705.7   60003.5
1030105527   test2_15x10.txt                165
1030105527   test2_15x10.txt                te 2 15   10   4691      3382.02   1308.98   41574.3   60003.8
141748002    test2_15x10.txt                159
141748002    test2_15x10.txt                te 2 15   10   4647.94   3379.95   1267.99   16983.8   60003.7
1573756134   test2_15x10.txt                174
1573756134   test2_15x10.txt                te 2 15   10   4791.55   3632.46   1159.09   6181.76   60003.6
1855732883   test2_15x10.txt                176
1855732883   test2_15x10.txt                te 2 15   10   4730.55   3705.51   1025.04   32835.1   60003.9
1858279865   test2_15x10.txt                176
1858279865   test2_15x10.txt                te 2 15   10   4734.63   3668.79   1065.84   44917.5   60003.6
1030105527   test2_15x2.txt                 79
1030105527   test2_15x2.txt                 te 2 15   2    1479.76   1465.94   13.82     10497.1   60441.1
141748002    test2_15x2.txt                 81
141748002    test2_15x2.txt                 te 2 15   2    1479.76   1465.94   13.82     6465.87   60364.2
1573756134   test2_15x2.txt                 85
1573756134   test2_15x2.txt                 te 2 15   2    1479.76   1465.94   13.82     13184.2   60799
1855732883   test2_15x2.txt                 79
1855732883   test2_15x2.txt                 te 2 15   2    1479.76   1465.94   13.82     4208.27   60920.6
1858279865   test2_15x2.txt                 76
1858279865   test2_15x2.txt                 te 2 15   2    1479.76   1465.94   13.82     10385.6   60905.9
1030105527   test2_15x5.txt                 387
1030105527   test2_15x5.txt                 te 2 15   5    2641.28   2513.58   127.7     8902.09   60073.2
141748002    test2_15x5.txt                 377
141748002    test2_15x5.txt                 te 2 15   5    2632.22   2507.22   125       7498.98   60001.6
1573756134   test2_15x5.txt                 390
1573756134   test2_15x5.txt                 te 2 15   5    2633.4    2508.4    125       2102.2    60001.7
1855732883   test2_15x5.txt                 358
1855732883   test2_15x5.txt                 te 2 15   5    2646.57   2518.87   127.7     3210.97   60002.4
1858279865   test2_15x5.txt                 364
1858279865   test2_15x5.txt                 te 2 15   5    2646.57   2518.87   127.7     8832.81   60001.8
1030105527   test2_20x10.txt                75
1030105527   test2_20x10.txt                te 2 20   10   7246.17   4240.94   3005.23   59941.8   60099.5
141748002    test2_20x10.txt                70
141748002    test2_20x10.txt                te 2 20   10   7205.58   4066.65   3138.93   59551.2   60006.3
1573756134   test2_20x10.txt                74
1573756134   test2_20x10.txt                te 2 20   10   7001.22   3872.63   3128.59   53763     60533
1855732883   test2_20x10.txt                76
1855732883   test2_20x10.txt                te 2 20   10   7104.95   4234.93   2870.02   25218.8   60670
1858279865   test2_20x10.txt                77
1858279865   test2_20x10.txt                te 2 20   10   7073.53   4005.23   3068.3    17710.1   60005.8
1030105527   test2_20x2.txt                 65
1030105527   test2_20x2.txt                 te 2 20   2    948.01    888.26    59.75     24940.7   60170.3
141748002    test2_20x2.txt                 62
141748002    test2_20x2.txt                 te 2 20   2    948.01    888.26    59.75     6974.45   60052
1573756134   test2_20x2.txt                 63
1573756134   test2_20x2.txt                 te 2 20   2    948.13    913.15    34.98     59784.6   60786.9
1855732883   test2_20x2.txt                 63
1855732883   test2_20x2.txt                 te 2 20   2    948.01    888.26    59.75     51115     60571.2
1858279865   test2_20x2.txt                 63
1858279865   test2_20x2.txt                 te 2 20   2    948.01    888.26    59.75     32299.8   60001
1030105527   test2_20x5.txt                 130
1030105527   test2_20x5.txt                 te 2 20   5    6602.96   6574.93   28.03     45147.3   60002.2
141748002    test2_20x5.txt                 141
141748002    test2_20x5.txt                 te 2 20   5    6606.93   6567.11   39.82     37190     60002
1573756134   test2_20x5.txt                 132
1573756134   test2_20x5.txt                 te 2 20   5    6808.59   6776.23   32.36     3221.38   60002
1855732883   test2_20x5.txt                 136
1855732883   test2_20x5.txt                 te 2 20   5    6734.76   6705.72   29.04     34528.8   60210.9
1858279865   test2_20x5.txt                 133
1858279865   test2_20x5.txt                 te 2 20   5    6640.12   6602.05   38.07     21607.6   60001.9
1030105527   test1_10x10.txt                521
1030105527   test1_10x10.txt                tt 1 10   10   673.07    263.07    410       41362.9   60004.9
141748002    test1_10x10.txt                510
141748002    test1_10x10.txt                tt 1 10   10   673.07    263.07    410       1887      60001.8
1573756134   test1_10x10.txt                502
1573756134   test1_10x10.txt                tt 1 10   10   668.14    259.95    408.19    3736.92   60002
1855732883   test1_10x10.txt                517
1855732883   test1_10x10.txt                tt 1 10   10   669.31    259.95    409.36    6864.18   60002.1
1858279865   test1_10x10.txt                500
1858279865   test1_10x10.txt                tt 1 10   10   669.31    259.95    409.36    15515     60001.9
1030105527   test1_10x2.txt                 286
1030105527   test1_10x2.txt                 tt 1 10   2    179.46    137.72    41.74     1398.9    60016.3
141748002    test1_10x2.txt                 253
141748002    test1_10x2.txt                 tt 1 10   2    179.46    137.72    41.74     475.639   60257
1573756134   test1_10x2.txt                 275
1573756134   test1_10x2.txt                 tt 1 10   2    179.46    137.72    41.74     947.199   60178
1855732883   test1_10x2.txt                 239
1855732883   test1_10x2.txt                 tt 1 10   2    179.46    137.72    41.74     275.327   60370.9
1858279865   test1_10x2.txt                 242
1858279865   test1_10x2.txt                 tt 1 10   2    179.46    137.72    41.74     153.296   60087.5
1030105527   test1_10x5.txt                 733
1030105527   test1_10x5.txt                 tt 1 10   5    387.3     130.2     257.1     2776.02   60001.1
141748002    test1_10x5.txt                 867
141748002    test1_10x5.txt                 tt 1 10   5    389.72    125.35    264.37    4572.28   60007.2
1573756134   test1_10x5.txt                 832
1573756134   test1_10x5.txt                 tt 1 10   5    389.72    125.35    264.37    1409.76   60001.2
1855732883   test1_10x5.txt                 823
1855732883   test1_10x5.txt                 tt 1 10   5    379.19    118.23    260.96    2215.95   60005.7
1858279865   test1_10x5.txt                 850
1858279865   test1_10x5.txt                 tt 1 10   5    379.19    118.23    260.96    3509.46   60020.1
1030105527   test1_15x10.txt                190
1030105527   test1_15x10.txt                tt 1 15   10   770.39    330.18    440.21    53120.5   60003.6
141748002    test1_15x10.txt                188
141748002    test1_15x10.txt                tt 1 15   10   791.57    194.72    596.85    49203.1   60003.6
1573756134   test1_15x10.txt                193
1573756134   test1_15x10.txt                tt 1 15   10   804.52    258.01    546.51    59828     60003
1855732883   test1_15x10.txt                186
1855732883   test1_15x10.txt                tt 1 15   10   802.53    183.5     619.03    58679.4   60004
1858279865   test1_15x10.txt                180
1858279865   test1_15x10.txt                tt 1 15   10   831.87    227.5     604.37    32241.4   60004.3
1030105527   test1_15x2.txt                 69
1030105527   test1_15x2.txt                 tt 1 15   2    790.5     730.17    60.33     9061.34   60390.8
141748002    test1_15x2.txt                 78
141748002    test1_15x2.txt                 tt 1 15   2    790.5     730.17    60.33     1086.84   60187.2
1573756134   test1_15x2.txt                 73
1573756134   test1_15x2.txt                 tt 1 15   2    790.85    724.57    66.28     1041.4    60506.5
1855732883   test1_15x2.txt                 74
1855732883   test1_15x2.txt                 tt 1 15   2    790.5     730.17    60.33     15425.4   60041.8
1858279865   test1_15x2.txt                 78
1858279865   test1_15x2.txt                 tt 1 15   2    790.5     730.17    60.33     13073.6   60259.9
1030105527   test1_15x5.txt                 265
1030105527   test1_15x5.txt                 tt 1 15   5    1372.12   1282.37   89.75     60064.6   60066.3
141748002    test1_15x5.txt                 263
141748002    test1_15x5.txt                 tt 1 15   5    1358.21   1274.02   84.19     13683.5   60001.8
1573756134   test1_15x5.txt                 238
1573756134   test1_15x5.txt                 tt 1 15   5    1358.21   1274.02   84.19     26081.8   60437.8
1855732883   test1_15x5.txt                 248
1855732883   test1_15x5.txt                 tt 1 15   5    1359.18   1272.93   86.25     16599.6   60001.5
1858279865   test1_15x5.txt                 194
1858279865   test1_15x5.txt                 tt 1 15   5    1371.29   1279.26   92.03     8159.19   60001.8
1030105527   test1_20x10.txt                77
1030105527   test1_20x10.txt                tt 1 20   10   4498.42   4030.42   468       45754.3   60006.1
141748002    test1_20x10.txt                81
141748002    test1_20x10.txt                tt 1 20   10   4553.76   4098.32   455.44    55594.1   60005.8
1573756134   test1_20x10.txt                83
1573756134   test1_20x10.txt                tt 1 20   10   4406.61   3868.83   537.78    14393.2   60005.2
1855732883   test1_20x10.txt                84
1855732883   test1_20x10.txt                tt 1 20   10   5053.38   4658.46   394.92    60000.1   60004.9
1858279865   test1_20x10.txt                78
1858279865   test1_20x10.txt                tt 1 20   10   4463.82   3935.61   528.21    40886.6   60008.6
1030105527   test1_20x2.txt                 62
1030105527   test1_20x2.txt                 tt 1 20   2    1688.9    1629.11   59.79     5199.08   60002.7
141748002    test1_20x2.txt                 67
141748002    test1_20x2.txt                 tt 1 20   2    1691.08   1631.29   59.79     59746.7   60748.6
1573756134   test1_20x2.txt                 62
1573756134   test1_20x2.txt                 tt 1 20   2    1671.87   1614.02   57.85     50438.8   60634.6
1855732883   test1_20x2.txt                 67
1855732883   test1_20x2.txt                 tt 1 20   2    1700.46   1629.35   71.11     6856.32   60930.5
1858279865   test1_20x2.txt                 61
1858279865   test1_20x2.txt                 tt 1 20   2    1672.03   1613.04   58.99     50159.2   60746.7
1030105527   test1_20x5.txt                 82
1030105527   test1_20x5.txt                 tt 1 20   5    3745.77   3684.48   61.29     51244.3   60589.2
141748002    test1_20x5.txt                 76
141748002    test1_20x5.txt                 tt 1 20   5    3650.65   3589.36   61.29     47516.8   60989.5
1573756134   test1_20x5.txt                 81
1573756134   test1_20x5.txt                 tt 1 20   5    3618.13   3556.84   61.29     38174.4   60048.7
1855732883   test1_20x5.txt                 85
1855732883   test1_20x5.txt                 tt 1 20   5    3660.08   3598.79   61.29     52706.3   60951.8
1858279865   test1_20x5.txt                 89
1858279865   test1_20x5.txt                 tt 1 20   5    3592.2    3512.67   79.53     42061.6   60318.8
1030105527   test2_10x10.txt                484
1030105527   test2_10x10.txt                tt 2 10   10   792.47    372.75    419.72    55510.9   60042.2
141748002    test2_10x10.txt                483
141748002    test2_10x10.txt                tt 2 10   10   780.74    446.1     334.64    3558.55   60003.7
1573756134   test2_10x10.txt                504
1573756134   test2_10x10.txt                tt 2 10   10   803.78    388.23    415.55    58434.9   60002.2
1855732883   test2_10x10.txt                512
1855732883   test2_10x10.txt                tt 2 10   10   784.81    411.07    373.74    9435.16   60002.1
1858279865   test2_10x10.txt                495
1858279865   test2_10x10.txt                tt 2 10   10   798.34    405.93    392.41    55238.5   60002.1
1030105527   test2_10x2.txt                 115
1030105527   test2_10x2.txt                 tt 2 10   2    145.37    65.75     79.62     1092.98   60504.9
141748002    test2_10x2.txt                 137
141748002    test2_10x2.txt                 tt 2 10   2    145.37    65.75     79.62     1019.4    60004.2
1573756134   test2_10x2.txt                 127
1573756134   test2_10x2.txt                 tt 2 10   2    145.37    65.75     79.62     1162.57   60375.9
1855732883   test2_10x2.txt                 127
1855732883   test2_10x2.txt                 tt 2 10   2    145.37    65.75     79.62     4179.95   60286.6
1858279865   test2_10x2.txt                 131
1858279865   test2_10x2.txt                 tt 2 10   2    145.37    65.75     79.62     1324.2    60295.1
1030105527   test2_10x5.txt                 845
1030105527   test2_10x5.txt                 tt 2 10   5    627.45    540.95    86.5      1959.51   60001
141748002    test2_10x5.txt                 940
141748002    test2_10x5.txt                 tt 2 10   5    627.64    523.44    104.2     12800.7   60019.7
1573756134   test2_10x5.txt                 906
1573756134   test2_10x5.txt                 tt 2 10   5    627.45    540.95    86.5      23952.6   60001.2
1855732883   test2_10x5.txt                 924
1855732883   test2_10x5.txt                 tt 2 10   5    627.64    523.44    104.2     29206.1   60012.9
1858279865   test2_10x5.txt                 933
1858279865   test2_10x5.txt                 tt 2 10   5    627.64    523.44    104.2     798.969   60001.1
1030105527   test2_15x10.txt                170
1030105527   test2_15x10.txt                tt 2 15   10   1170.21   585.29    584.92    34870.4   60004
141748002    test2_15x10.txt                170
141748002    test2_15x10.txt                tt 2 15   10   1182.51   625.47    557.04    28885.4   60003.4
1573756134   test2_15x10.txt                171
1573756134   test2_15x10.txt                tt 2 15   10   1142.84   600.2     542.64    10972.8   60003.8
1855732883   test2_15x10.txt                171
1855732883   test2_15x10.txt                tt 2 15   10   1171.73   646.42    525.31    3403.5    60004
1858279865   test2_15x10.txt                179
1858279865   test2_15x10.txt                tt 2 15   10   1176.13   640.89    535.24    277.183   60003.1
1030105527   test2_15x2.txt                 84
1030105527   test2_15x2.txt                 tt 2 15   2    905.37    893.59    11.78     5169.37   60210.9
141748002    test2_15x2.txt                 89
141748002    test2_15x2.txt                 tt 2 15   2    905.37    893.59    11.78     1049.96   60000.7
1573756134   test2_15x2.txt                 86
1573756134   test2_15x2.txt                 tt 2 15   2    905.37    893.59    11.78     1725.72   60033.3
1855732883   test2_15x2.txt                 78
1855732883   test2_15x2.txt                 tt 2 15   2    905.37    893.59    11.78     192.601   60110.7
1858279865   test2_15x2.txt                 88
1858279865   test2_15x2.txt                 tt 2 15   2    905.37    893.59    11.78     435.543   60278.7
1030105527   test2_15x5.txt                 214
1030105527   test2_15x5.txt                 tt 2 15   5    683.31    388.8     294.51    1663.28   60228.8
141748002    test2_15x5.txt                 222
141748002    test2_15x5.txt                 tt 2 15   5    683.31    388.8     294.51    5438.38   60001.8
1573756134   test2_15x5.txt                 234
1573756134   test2_15x5.txt                 tt 2 15   5    685.24    378.39    306.85    40698.5   60297.5
1855732883   test2_15x5.txt                 306
1855732883   test2_15x5.txt                 tt 2 15   5    679.23    404.8     274.43    33660.8   60001.8
1858279865   test2_15x5.txt                 210
1858279865   test2_15x5.txt                 tt 2 15   5    679.45    392.87    286.58    13823     60001.7
1030105527   test2_20x10.txt                74
1030105527   test2_20x10.txt                tt 2 20   10   3160.05   1300.01   1860.04   26969.7   60006.9
141748002    test2_20x10.txt                72
141748002    test2_20x10.txt                tt 2 20   10   3218.56   1224.08   1994.48   52082.2   60104.7
1573756134   test2_20x10.txt                72
1573756134   test2_20x10.txt                tt 2 20   10   3282.15   1235.03   2047.12   15522.9   60007
1855732883   test2_20x10.txt                71
1855732883   test2_20x10.txt                tt 2 20   10   3515.01   1619.4    1895.61   59241     60005.7
1858279865   test2_20x10.txt                78
1858279865   test2_20x10.txt                tt 2 20   10   3270.11   1339.75   1930.36   17220.4   60006.1
1030105527   test2_20x2.txt                 63
1030105527   test2_20x2.txt                 tt 2 20   2    1452.05   1226.45   225.6     3130.36   60359.3
141748002    test2_20x2.txt                 64
141748002    test2_20x2.txt                 tt 2 20   2    1452.05   1226.45   225.6     8793.98   60880
1573756134   test2_20x2.txt                 68
1573756134   test2_20x2.txt                 tt 2 20   2    1452.05   1226.45   225.6     36888.5   60001.1
1855732883   test2_20x2.txt                 65
1855732883   test2_20x2.txt                 tt 2 20   2    1448.66   1227.93   220.73    39101.2   60919.5
1858279865   test2_20x2.txt                 67
1858279865   test2_20x2.txt                 tt 2 20   2    1451.02   1226.45   224.57    16175.9   60444.7
1030105527   test2_20x5.txt                 101
1030105527   test2_20x5.txt                 tt 2 20   5    1786.68   1145.14   641.54    46992.9   60025.4
141748002    test2_20x5.txt                 79
141748002    test2_20x5.txt                 tt 2 20   5    1814.66   1177.74   636.92    60000     60002.4
1573756134   test2_20x5.txt                 85
1573756134   test2_20x5.txt                 tt 2 20   5    1811.39   1144.74   666.65    54045.6   60162.2
1855732883   test2_20x5.txt                 75
1855732883   test2_20x5.txt                 tt 2 20   5    1820.04   1172.5    647.54    22223.1   60003.1
1858279865   test2_20x5.txt                 92
1858279865   test2_20x5.txt                 tt 2 20   5    1819.4    1163.33   656.07    17479.2   60135.9
