seed insts type test j m penalties tpenalty epenalty tmfound time
1030105527   test1_10x10.txt                le 1 10   10   364.59    162.78    201.81    17750.7   60001.5
141748002    test1_10x10.txt                le 1 10   10   364.39    186.42    177.97    13426.2   60001.5
1573756134   test1_10x10.txt                le 1 10   10   367.83    167.7     200.13    14141     60016.6
1855732883   test1_10x10.txt                le 1 10   10   371.04    161.26    209.78    23461.8   60001.7
1858279865   test1_10x10.txt                le 1 10   10   371.04    161.26    209.78    8203.75   60001.5
1030105527   test1_10x2.txt                 le 1 10   2    224.84    185.19    39.65     0.413     60501.3
141748002    test1_10x2.txt                 le 1 10   2    224.84    185.19    39.65     1.302     60735.4
1573756134   test1_10x2.txt                 le 1 10   2    224.84    185.19    39.65     1.338     60138.3
1855732883   test1_10x2.txt                 le 1 10   2    224.84    185.19    39.65     0.71      60541.2
1858279865   test1_10x2.txt                 le 1 10   2    224.84    185.19    39.65     5.738     60725.7
1030105527   test1_10x5.txt                 le 1 10   5    1728.7    1639.67   89.03     2876.2    60015
141748002    test1_10x5.txt                 le 1 10   5    1719.63   1639.97   79.66     599.528   60001
1573756134   test1_10x5.txt                 le 1 10   5    1738.05   1653.85   84.2      3288.93   60001
1855732883   test1_10x5.txt                 le 1 10   5    1738.05   1653.85   84.2      1107.54   60053.5
1858279865   test1_10x5.txt                 le 1 10   5    1738.05   1653.85   84.2      4063.23   60001.3
1030105527   test1_15x10.txt                le 1 15   10   1020.27   585.85    434.42    58568     60003.2
141748002    test1_15x10.txt                le 1 15   10   907.96    481.8     426.16    42715     60002.9
1573756134   test1_15x10.txt                le 1 15   10   939.17    483.7     455.47    25081.1   60002.8
1855732883   test1_15x10.txt                le 1 15   10   947.46    611.24    336.22    33360.9   60418.7
1858279865   test1_15x10.txt                le 1 15   10   920.02    501.97    418.05    59756.3   60002.9
1030105527   test1_15x2.txt                 le 1 15   2    1041.33   1017.4    23.93     2051.85   60393.1
141748002    test1_15x2.txt                 le 1 15   2    1041.33   1017.4    23.93     15213.5   60952.2
1573756134   test1_15x2.txt                 le 1 15   2    1041.33   1017.4    23.93     13657     60369.3
1855732883   test1_15x2.txt                 le 1 15   2    1041.33   1017.4    23.93     2047.2    60034.7
1858279865   test1_15x2.txt                 le 1 15   2    1041.33   1017.4    23.93     16934     60309.3
1030105527   test1_15x5.txt                 le 1 15   5    3223.17   2931.81   291.36    9159.33   60001.6
141748002    test1_15x5.txt                 le 1 15   5    3294.44   3012.6    281.84    54099.5   60052.4
1573756134   test1_15x5.txt                 le 1 15   5    3247.89   2948.94   298.95    7743.91   60001.7
1855732883   test1_15x5.txt                 le 1 15   5    3223.17   2931.81   291.36    3079.71   60001.6
1858279865   test1_15x5.txt                 le 1 15   5    3318.14   3013.88   304.26    5427.85   60065.6
1030105527   test1_20x10.txt                le 1 20   10   4672.52   2949.48   1723.04   57579     60005.6
141748002    test1_20x10.txt                le 1 20   10   5079.51   3725.01   1354.5    14484.6   60005.4
1573756134   test1_20x10.txt                le 1 20   10   4924.47   3612.41   1312.06   25741     60005.6
1855732883   test1_20x10.txt                le 1 20   10   4921.74   3329.07   1592.67   35056.9   60005.9
1858279865   test1_20x10.txt                le 1 20   10   4748.45   3147.69   1600.76   41299.7   60005.3
1030105527   test1_20x2.txt                 le 1 20   2    2549.19   2523.51   25.68     23729.7   60152.6
141748002    test1_20x2.txt                 le 1 20   2    2548.95   2528.89   20.06     45159.8   60736.1
1573756134   test1_20x2.txt                 le 1 20   2    2548.95   2528.89   20.06     43839.4   60858.8
1855732883   test1_20x2.txt                 le 1 20   2    2547.68   2527.62   20.06     7704.51   60454.2
1858279865   test1_20x2.txt                 le 1 20   2    2549.19   2523.51   25.68     22141.5   60000.9
1030105527   test1_20x5.txt                 le 1 20   5    7487.77   7056.12   431.65    3633.45   60002.4
141748002    test1_20x5.txt                 le 1 20   5    7692.65   7351.92   340.73    9255.47   60998.6
1573756134   test1_20x5.txt                 le 1 20   5    7791.33   7430.16   361.17    17527     60300
1855732883   test1_20x5.txt                 le 1 20   5    7653.19   7249.24   403.95    38380.6   60002.2
1858279865   test1_20x5.txt                 le 1 20   5    7613.12   7209.17   403.95    8834.54   60002.3
1030105527   test2_10x10.txt                le 2 10   10   249.85    104.01    145.84    5820.3    60001.4
141748002    test2_10x10.txt                le 2 10   10   249.85    104.01    145.84    7037.08   60001.5
1573756134   test2_10x10.txt                le 2 10   10   249.85    104.01    145.84    14338.2   60001.6
1855732883   test2_10x10.txt                le 2 10   10   249.85    104.01    145.84    10013.7   60001.6
1858279865   test2_10x10.txt                le 2 10   10   249.85    104.01    145.84    10622.4   60001.5
1030105527   test2_10x2.txt                 le 2 10   2    324.43    179.18    145.25    1185.01   60947.3
141748002    test2_10x2.txt                 le 2 10   2    319.37    157.16    162.21    485.87    60908.6
1573756134   test2_10x2.txt                 le 2 10   2    319.37    157.16    162.21    1090.93   60115.3
1855732883   test2_10x2.txt                 le 2 10   2    319.37    157.16    162.21    1052.49   60039
1858279865   test2_10x2.txt                 le 2 10   2    324.43    179.18    145.25    1206.17   60724.9
1030105527   test2_10x5.txt                 le 2 10   5    989.05    662.67    326.38    250.399   60068.1
141748002    test2_10x5.txt                 le 2 10   5    976.28    814.76    161.52    1222.94   60049.8
1573756134   test2_10x5.txt                 le 2 10   5    967.73    641.05    326.68    301.309   60001.3
1855732883   test2_10x5.txt                 le 2 10   5    976.28    814.76    161.52    7962.43   60001.1
1858279865   test2_10x5.txt                 le 2 10   5    1010.04   681.91    328.13    1115.31   60001.1
1030105527   test2_15x10.txt                le 2 15   10   1533.6    645.18    888.42    43985.2   60003.1
141748002    test2_15x10.txt                le 2 15   10   1519.82   650.79    869.03    28802.9   60003.4
1573756134   test2_15x10.txt                le 2 15   10   1531.2    676.8     854.4     48622.7   60003
1855732883   test2_15x10.txt                le 2 15   10   1529.94   635.2     894.74    42954.6   60025.3
1858279865   test2_15x10.txt                le 2 15   10   1615.39   593.54    1021.85   17196     60028.3
1030105527   test2_15x2.txt                 le 2 15   2    497.97    340.91    157.06    3159.03   60474.1
141748002    test2_15x2.txt                 le 2 15   2    497.97    340.91    157.06    5007.04   60019.7
1573756134   test2_15x2.txt                 le 2 15   2    497.97    340.91    157.06    3436      60811.8
1855732883   test2_15x2.txt                 le 2 15   2    497.97    340.91    157.06    8856.66   60053.9
1858279865   test2_15x2.txt                 le 2 15   2    497.97    340.91    157.06    5182.85   60000.9
1030105527   test2_15x5.txt                 le 2 15   5    3290.7    2680.17   610.53    17873.8   60590.1
141748002    test2_15x5.txt                 le 2 15   5    3276.9    2649.99   626.91    54560.1   60001.9
1573756134   test2_15x5.txt                 le 2 15   5    3290.7    2680.17   610.53    8757.17   60797.5
1855732883   test2_15x5.txt                 le 2 15   5    3300.24   2601.34   698.9     14588.4   60405.9
1858279865   test2_15x5.txt                 le 2 15   5    3290.7    2680.17   610.53    11649.3   60323.6
1030105527   test2_20x10.txt                le 2 20   10   1712.2    1120.36   591.84    42173     60021.3
141748002    test2_20x10.txt                le 2 20   10   1748.4    1204      544.4     35841.6   60005.3
1573756134   test2_20x10.txt                le 2 20   10   1731.97   1218.82   513.15    59892.4   60107
1855732883   test2_20x10.txt                le 2 20   10   1673.32   1160.92   512.4     60022.6   60027.3
1858279865   test2_20x10.txt                le 2 20   10   1688.85   1169.66   519.19    34574.9   60005.6
1030105527   test2_20x2.txt                 le 2 20   2    3069.13   2984.99   84.14     12280.4   60983.1
141748002    test2_20x2.txt                 le 2 20   2    3069.13   2984.99   84.14     9304.98   60318.1
1573756134   test2_20x2.txt                 le 2 20   2    3069.13   2984.99   84.14     8708.53   60216.3
1855732883   test2_20x2.txt                 le 2 20   2    3069.13   2984.99   84.14     5215.47   60980.4
1858279865   test2_20x2.txt                 le 2 20   2    3069.13   2984.99   84.14     4182.61   60742.3
1030105527   test2_20x5.txt                 le 2 20   5    7204.68   6252.32   952.36    48095.5   60724.5
141748002    test2_20x5.txt                 le 2 20   5    7049.68   6200.65   849.03    11020.9   60851.5
1573756134   test2_20x5.txt                 le 2 20   5    7143.97   6205.72   938.25    18000.4   60370
1855732883   test2_20x5.txt                 le 2 20   5    7314.21   6339.93   974.28    32084.8   60173.3
1858279865   test2_20x5.txt                 le 2 20   5    7167.19   6251.75   915.44    6972.7    60002.3
1030105527   test1_10x10.txt                lt 1 10   10   386.4     89.7      296.7     4238.58   60001.8
141748002    test1_10x10.txt                lt 1 10   10   375.71    143.52    232.19    49106.6   60001.6
1573756134   test1_10x10.txt                lt 1 10   10   375.71    143.52    232.19    5036.17   60001.8
1855732883   test1_10x10.txt                lt 1 10   10   402.71    124.44    278.27    8191.98   60023.5
1858279865   test1_10x10.txt                lt 1 10   10   386.4     89.7      296.7     36646     60015.8
1030105527   test1_10x2.txt                 lt 1 10   2    416.44    390.34    26.1      0.115     60064
141748002    test1_10x2.txt                 lt 1 10   2    416.44    390.34    26.1      204.841   60053.1
1573756134   test1_10x2.txt                 lt 1 10   2    416.44    390.34    26.1      0.059     60177.2
1855732883   test1_10x2.txt                 lt 1 10   2    416.44    390.34    26.1      99.635    60050.4
1858279865   test1_10x2.txt                 lt 1 10   2    416.44    390.34    26.1      236.894   60309.6
1030105527   test1_10x5.txt                 lt 1 10   5    175.08    57        118.08    9750.28   60010
141748002    test1_10x5.txt                 lt 1 10   5    175.08    57        118.08    1968.98   60235.1
1573756134   test1_10x5.txt                 lt 1 10   5    175.08    57        118.08    16245.7   60496.6
1855732883   test1_10x5.txt                 lt 1 10   5    176.83    57.5      119.33    4263.12   60001.2
1858279865   test1_10x5.txt                 lt 1 10   5    176.83    57.5      119.33    648.98    60041.6
1030105527   test1_15x10.txt                lt 1 15   10   291.11    84.18     206.93    57329.7   60003.1
141748002    test1_15x10.txt                lt 1 15   10   285.73    82.16     203.57    58618.8   60351.3
1573756134   test1_15x10.txt                lt 1 15   10   296.44    99.64     196.8     11465.7   60002.8
1855732883   test1_15x10.txt                lt 1 15   10   280.47    103.25    177.22    34769.5   60002.9
1858279865   test1_15x10.txt                lt 1 15   10   300.52    88.86     211.66    37041     60004.5
1030105527   test1_15x2.txt                 lt 1 15   2    654.84    641.58    13.26     2452.98   60794.5
141748002    test1_15x2.txt                 lt 1 15   2    654.84    641.58    13.26     1041.46   60504.4
1573756134   test1_15x2.txt                 lt 1 15   2    654.84    641.58    13.26     1045.02   60772.6
1855732883   test1_15x2.txt                 lt 1 15   2    654.84    641.58    13.26     0.691     60517.4
1858279865   test1_15x2.txt                 lt 1 15   2    654.84    641.58    13.26     15.065    60529.7
1030105527   test1_15x5.txt                 lt 1 15   5    1289.06   1061.52   227.54    15201.3   60437
141748002    test1_15x5.txt                 lt 1 15   5    1281.84   1050.47   231.37    17165.3   60237.5
1573756134   test1_15x5.txt                 lt 1 15   5    1286.43   1055.06   231.37    22636.1   60167
1855732883   test1_15x5.txt                 lt 1 15   5    1288.53   1050.47   238.06    56668.9   60370.7
1858279865   test1_15x5.txt                 lt 1 15   5    1284.75   1051.01   233.74    6348.49   60202.3
1030105527   test1_20x10.txt                lt 1 20   10   4816.61   4529.49   287.12    60000.3   60005
141748002    test1_20x10.txt                lt 1 20   10   5242.48   4999.19   243.29    45927.5   60004.7
1573756134   test1_20x10.txt                lt 1 20   10   5153.43   4895.78   257.65    13671.3   60005.8
1855732883   test1_20x10.txt                lt 1 20   10   5345.55   5059.86   285.69    20183.4   60006.3
1858279865   test1_20x10.txt                lt 1 20   10   5114.87   4891.32   223.55    28792.2   60005.5
1030105527   test1_20x2.txt                 lt 1 20   2    1203.88   1096.63   107.25    3749.01   60308.1
141748002    test1_20x2.txt                 lt 1 20   2    1206.97   1104.92   102.05    11494.8   60430.2
1573756134   test1_20x2.txt                 lt 1 20   2    1203.88   1096.63   107.25    4213.08   60878.1
1855732883   test1_20x2.txt                 lt 1 20   2    1203.88   1096.63   107.25    48385.3   60201.9
1858279865   test1_20x2.txt                 lt 1 20   2    1203.88   1096.63   107.25    44714.7   60784.2
1030105527   test1_20x5.txt                 lt 1 20   5    2939.27   2592.54   346.73    16005.1   60624
141748002    test1_20x5.txt                 lt 1 20   5    2966.97   2648      318.97    48215.9   60230.9
1573756134   test1_20x5.txt                 lt 1 20   5    2917.06   2516.55   400.51    55641.7   60869.3
1855732883   test1_20x5.txt                 lt 1 20   5    3066.19   2726.39   339.8     58199.4   60145.4
1858279865   test1_20x5.txt                 lt 1 20   5    3223.48   2897.65   325.83    24272     60113.3
1030105527   test2_10x10.txt                lt 2 10   10   146.06    49.98     96.08     6622.31   60001.7
141748002    test2_10x10.txt                lt 2 10   10   146.06    49.98     96.08     2098.23   60001.6
1573756134   test2_10x10.txt                lt 2 10   10   146.06    49.98     96.08     2674.15   60001.5
1855732883   test2_10x10.txt                lt 2 10   10   144.94    52.98     91.96     2084.4    60001.4
1858279865   test2_10x10.txt                lt 2 10   10   146.06    49.98     96.08     1921.4    60001.5
1030105527   test2_10x2.txt                 lt 2 10   2    137.94    66.09     71.85     77.508    60241.8
141748002    test2_10x2.txt                 lt 2 10   2    137.94    66.09     71.85     1137.87   60178.2
1573756134   test2_10x2.txt                 lt 2 10   2    137.94    66.09     71.85     818.689   60059.7
1855732883   test2_10x2.txt                 lt 2 10   2    137.94    66.09     71.85     91.631    60083.5
1858279865   test2_10x2.txt                 lt 2 10   2    137.94    66.09     71.85     1439.03   60058.5
1030105527   test2_10x5.txt                 lt 2 10   5    485.06    440.51    44.55     27275     60008.4
141748002    test2_10x5.txt                 lt 2 10   5    485.06    440.51    44.55     18700.2   60453.5
1573756134   test2_10x5.txt                 lt 2 10   5    485.06    440.51    44.55     23819.5   60001.3
1855732883   test2_10x5.txt                 lt 2 10   5    485.06    440.51    44.55     38956.9   60021.6
1858279865   test2_10x5.txt                 lt 2 10   5    485.06    440.51    44.55     9883.13   60163.9
1030105527   test2_15x10.txt                lt 2 15   10   587.24    245.83    341.41    32819.5   60002.6
141748002    test2_15x10.txt                lt 2 15   10   595.48    268.74    326.74    3662.2    60003.1
1573756134   test2_15x10.txt                lt 2 15   10   618.39    350.95    267.44    8760.16   60002.7
1855732883   test2_15x10.txt                lt 2 15   10   587.9     249.55    338.35    20318.3   60002.6
1858279865   test2_15x10.txt                lt 2 15   10   586.75    264.49    322.26    22558.6   60002.9
1030105527   test2_15x2.txt                 lt 2 15   2    279.71    133.52    146.19    11418.9   60275.9
141748002    test2_15x2.txt                 lt 2 15   2    279.71    133.52    146.19    3500.54   60967.6
1573756134   test2_15x2.txt                 lt 2 15   2    279.71    133.52    146.19    6668.65   60047.9
1855732883   test2_15x2.txt                 lt 2 15   2    279.71    133.52    146.19    10493.3   60503.6
1858279865   test2_15x2.txt                 lt 2 15   2    279.71    133.52    146.19    11178.4   60864.9
1030105527   test2_15x5.txt                 lt 2 15   5    350.18    103.41    246.77    11297.6   60160.1
141748002    test2_15x5.txt                 lt 2 15   5    328.88    114.47    214.41    36990.3   60630.7
1573756134   test2_15x5.txt                 lt 2 15   5    377.1     101.11    275.99    19681.8   60123.9
1855732883   test2_15x5.txt                 lt 2 15   5    333.96    124       209.96    6612.54   60616.4
1858279865   test2_15x5.txt                 lt 2 15   5    354.37    118.3     236.07    57870.6   60001.5
1030105527   test2_20x10.txt                lt 2 20   10   1504.68   506.52    998.16    43489.8   60122.3
141748002    test2_20x10.txt                lt 2 20   10   1548.68   513.29    1035.39   47677.3   60005
1573756134   test2_20x10.txt                lt 2 20   10   1555.24   576.15    979.09    55759.2   60004.5
1855732883   test2_20x10.txt                lt 2 20   10   1491.31   560.44    930.87    50308.3   60005.5
1858279865   test2_20x10.txt                lt 2 20   10   1502.29   491.84    1010.45   44511.6   60004.6
1030105527   test2_20x2.txt                 lt 2 20   2    772.85    733.15    39.7      3148.89   60001
141748002    test2_20x2.txt                 lt 2 20   2    772.85    733.15    39.7      4396.2    60438.1
1573756134   test2_20x2.txt                 lt 2 20   2    772.85    733.15    39.7      6343.14   60695.4
1855732883   test2_20x2.txt                 lt 2 20   2    769.35    721.35    48        48220.3   60465
1858279865   test2_20x2.txt                 lt 2 20   2    772.85    733.15    39.7      8303.39   60610.9
1030105527   test2_20x5.txt                 lt 2 20   5    3635.48   3544.16   91.32     39061.3   60002.5
141748002    test2_20x5.txt                 lt 2 20   5    3644.14   3561.8    82.34     53575.1   60167.4
1573756134   test2_20x5.txt                 lt 2 20   5    3863.13   3772.61   90.52     39998.7   60772
1855732883   test2_20x5.txt                 lt 2 20   5    3799.87   3716.96   82.91     44255     60815.8
1858279865   test2_20x5.txt                 lt 2 20   5    3722.52   3630.5    92.02     60000.1   60002.4
1030105527   test1_10x10.txt                te 1 10   10   1293.24   960.66    332.58    31332.2   60009.4
141748002    test1_10x10.txt                te 1 10   10   1307.44   991       316.44    798.573   60002.5
1573756134   test1_10x10.txt                te 1 10   10   1301.38   994.95    306.43    259.585   60001.9
1855732883   test1_10x10.txt                te 1 10   10   1301.46   958.07    343.39    7159.77   60002.1
1858279865   test1_10x10.txt                te 1 10   10   1276.23   989.86    286.37    25465.9   60002.2
1030105527   test1_10x2.txt                 te 1 10   2    461.96    379.78    82.18     1675.52   60642
141748002    test1_10x2.txt                 te 1 10   2    461.96    379.78    82.18     1359.72   60554.7
1573756134   test1_10x2.txt                 te 1 10   2    461.96    379.78    82.18     490.72    60638.4
1855732883   test1_10x2.txt                 te 1 10   2    461.96    379.78    82.18     1577.09   60501
1858279865   test1_10x2.txt                 te 1 10   2    461.96    379.78    82.18     954.384   60033.5
1030105527   test1_10x5.txt                 te 1 10   5    690.29    418.16    272.13    1174.36   60001.1
141748002    test1_10x5.txt                 te 1 10   5    690.29    418.16    272.13    3405.17   60025.9
1573756134   test1_10x5.txt                 te 1 10   5    690.29    418.16    272.13    3183.56   60065.7
1855732883   test1_10x5.txt                 te 1 10   5    690.29    418.16    272.13    1167.37   60001.1
1858279865   test1_10x5.txt                 te 1 10   5    690.29    418.16    272.13    4233.14   60006.4
1030105527   test1_15x10.txt                te 1 15   10   6778.84   6724.08   54.76     38758     60004.3
141748002    test1_15x10.txt                te 1 15   10   6582.59   6525.13   57.46     30690.3   60003.1
1573756134   test1_15x10.txt                te 1 15   10   7048.46   7001.82   46.64     58159.2   60003.4
1855732883   test1_15x10.txt                te 1 15   10   6960.75   6917.56   43.19     10507.6   60003.1
1858279865   test1_15x10.txt                te 1 15   10   6891.24   6836.48   54.76     46514.7   60055.5
1030105527   test1_15x2.txt                 te 1 15   2    3344.54   3291.15   53.39     1324.84   60962.1
141748002    test1_15x2.txt                 te 1 15   2    3344.54   3291.15   53.39     3366.16   60394.6
1573756134   test1_15x2.txt                 te 1 15   2    3344.54   3291.15   53.39     2263.44   60706.3
1855732883   test1_15x2.txt                 te 1 15   2    3344.54   3291.15   53.39     2510.81   60165.3
1858279865   test1_15x2.txt                 te 1 15   2    3344.54   3291.15   53.39     4366.42   60419.4
1030105527   test1_15x5.txt                 te 1 15   5    1318.68   1092.34   226.34    3355.67   60001.7
141748002    test1_15x5.txt                 te 1 15   5    1318.68   1092.34   226.34    6605.2    60359.7
1573756134   test1_15x5.txt                 te 1 15   5    1318.68   1092.34   226.34    3545.6    60001.8
1855732883   test1_15x5.txt                 te 1 15   5    1345.96   1144.56   201.4     3434.92   60061.8
1858279865   test1_15x5.txt                 te 1 15   5    1344.19   1105.12   239.07    13570.2   60134.2
1030105527   test1_20x10.txt                te 1 20   10   10773.1   10423.1   350.02    55167.9   60006
141748002    test1_20x10.txt                te 1 20   10   10376.8   9956.3    420.5     60000.1   60005.8
1573756134   test1_20x10.txt                te 1 20   10   10926.9   10470.4   456.58    28607.9   60005.3
1855732883   test1_20x10.txt                te 1 20   10   10925.1   10437.2   487.95    47877.4   60007.6
1858279865   test1_20x10.txt                te 1 20   10   11133.5   10690.8   442.69    60000.1   60005.5
1030105527   test1_20x2.txt                 te 1 20   2    1937.49   1933.53   3.96      5512.77   60864
141748002    test1_20x2.txt                 te 1 20   2    1936.68   1932.72   3.96      8739.64   60358.8
1573756134   test1_20x2.txt                 te 1 20   2    1933.72   1929.76   3.96      15371.4   60385.5
1855732883   test1_20x2.txt                 te 1 20   2    1937.49   1933.53   3.96      27602.7   60236.3
1858279865   test1_20x2.txt                 te 1 20   2    1937.49   1933.53   3.96      13578.8   60054.6
1030105527   test1_20x5.txt                 te 1 20   5    2928.71   1569.76   1358.95   45598.9   60259.7
141748002    test1_20x5.txt                 te 1 20   5    2869.27   1646.55   1222.72   59901.5   60904.9
1573756134   test1_20x5.txt                 te 1 20   5    2837.08   1831.03   1006.05   53017     60002.3
1855732883   test1_20x5.txt                 te 1 20   5    2851.71   1712.62   1139.09   48520.5   60514.9
1858279865   test1_20x5.txt                 te 1 20   5    2906.03   1507.75   1398.28   38694.6   60002.4
1030105527   test2_10x10.txt                te 2 10   10   1947.15   1018.73   928.42    46526.9   60002.3
141748002    test2_10x10.txt                te 2 10   10   1960.32   945.14    1015.18   9782.45   60002.6
1573756134   test2_10x10.txt                te 2 10   10   1873.64   1064.02   809.62    59850.6   60016.5
1855732883   test2_10x10.txt                te 2 10   10   1982.39   1055.69   926.7     28757.4   60002.1
1858279865   test2_10x10.txt                te 2 10   10   1975.39   864.48    1110.91   1551.18   60003.4
1030105527   test2_10x2.txt                 te 2 10   2    448.32    436.29    12.03     9.431     60059
141748002    test2_10x2.txt                 te 2 10   2    448.32    436.29    12.03     584.586   60384.7
1573756134   test2_10x2.txt                 te 2 10   2    448.32    436.29    12.03     100.33    60176.7
1855732883   test2_10x2.txt                 te 2 10   2    448.32    436.29    12.03     2.052     60113.9
1858279865   test2_10x2.txt                 te 2 10   2    448.32    436.29    12.03     605.824   60000.6
1030105527   test2_10x5.txt                 te 2 10   5    763.24    695.79    67.45     1712      60001.1
141748002    test2_10x5.txt                 te 2 10   5    763.24    695.79    67.45     264.955   60001.2
1573756134   test2_10x5.txt                 te 2 10   5    763.24    695.79    67.45     2539.7    60139.5
1855732883   test2_10x5.txt                 te 2 10   5    763.24    695.79    67.45     903.976   60001.1
1858279865   test2_10x5.txt                 te 2 10   5    763.24    695.79    67.45     2566.77   60001
1030105527   test2_15x10.txt                te 2 15   10   4683.32   3475      1208.32   8434.28   60010.8
141748002    test2_15x10.txt                te 2 15   10   4764.01   3494.02   1269.99   60068.6   60072.4
1573756134   test2_15x10.txt                te 2 15   10   4777.94   3635.73   1142.21   17596.8   60007.9
1855732883   test2_15x10.txt                te 2 15   10   4749.19   3521.3    1227.89   6028.55   60003.7
1858279865   test2_15x10.txt                te 2 15   10   4694.93   3437.69   1257.24   32368.3   60004.7
1030105527   test2_15x2.txt                 te 2 15   2    1479.76   1465.94   13.82     870.404   60627.4
141748002    test2_15x2.txt                 te 2 15   2    1479.76   1465.94   13.82     6295.96   60698.9
1573756134   test2_15x2.txt                 te 2 15   2    1479.76   1465.94   13.82     8.625     60405.1
1855732883   test2_15x2.txt                 te 2 15   2    1479.76   1465.94   13.82     10256.8   60475.2
1858279865   test2_15x2.txt                 te 2 15   2    1479.76   1465.94   13.82     1294.92   60143
1030105527   test2_15x5.txt                 te 2 15   5    2633.4    2508.4    125       3765.82   60022.9
141748002    test2_15x5.txt                 te 2 15   5    2641.28   2513.58   127.7     15058.5   60051.8
1573756134   test2_15x5.txt                 te 2 15   5    2654.88   2527.18   127.7     1872.71   60001.8
1855732883   test2_15x5.txt                 te 2 15   5    2621.35   2468.99   152.36    17104.1   60002.2
1858279865   test2_15x5.txt                 te 2 15   5    2626.67   2511.9    114.77    5321.29   60001.7
1030105527   test2_20x10.txt                te 2 20   10   7163.73   3888.72   3275.01   19584.2   60006.2
141748002    test2_20x10.txt                te 2 20   10   7204.13   3757.29   3446.84   57580     60006.5
1573756134   test2_20x10.txt                te 2 20   10   7049.57   3856.41   3193.16   44398.9   60104.3
1855732883   test2_20x10.txt                te 2 20   10   7154.13   3865.89   3288.24   56258.2   60456.8
1858279865   test2_20x10.txt                te 2 20   10   7130.82   4119.12   3011.7    58491.8   60013
1030105527   test2_20x2.txt                 te 2 20   2    948.01    888.26    59.75     5184.85   60339.9
141748002    test2_20x2.txt                 te 2 20   2    944.45    899.48    44.97     59955.1   60057.9
1573756134   test2_20x2.txt                 te 2 20   2    948.01    888.26    59.75     22754.9   60556.9
1855732883   test2_20x2.txt                 te 2 20   2    948.01    888.26    59.75     14013.6   60033.5
1858279865   test2_20x2.txt                 te 2 20   2    941.69    896.72    44.97     52818.7   60687.5
1030105527   test2_20x5.txt                 te 2 20   5    6830.36   6806.34   24.02     5993.28   60002.1
141748002    test2_20x5.txt                 te 2 20   5    6626.55   6593.53   33.02     44807.3   60033.4
1573756134   test2_20x5.txt                 te 2 20   5    6710.44   6670.62   39.82     26754.4   60129.7
1855732883   test2_20x5.txt                 te 2 20   5    6902.43   6873.39   29.04     20592.2   60002
1858279865   test2_20x5.txt                 te 2 20   5    6779.82   6750.12   29.7      7266.63   60001.9
1030105527   test1_10x10.txt                tt 1 10   10   692.42    268.57    423.85    6792.36   60002
141748002    test1_10x10.txt                tt 1 10   10   669.93    286.25    383.68    11764.9   60009.1
1573756134   test1_10x10.txt                tt 1 10   10   673.07    263.07    410       20324.4   60002
1855732883   test1_10x10.txt                tt 1 10   10   687.65    263.75    423.9     47464.3   60002.6
1858279865   test1_10x10.txt                tt 1 10   10   687.65    263.75    423.9     5009.87   60001.9
1030105527   test1_10x2.txt                 tt 1 10   2    179.46    137.72    41.74     2467.91   60131.2
141748002    test1_10x2.txt                 tt 1 10   2    179.46    137.72    41.74     377.499   60269.1
1573756134   test1_10x2.txt                 tt 1 10   2    179.46    137.72    41.74     1001.02   60000.7
1855732883   test1_10x2.txt                 tt 1 10   2    179.46    137.72    41.74     440.144   60689.8
1858279865   test1_10x2.txt                 tt 1 10   2    179.46    137.72    41.74     1871.44   60063.1
1030105527   test1_10x5.txt                 tt 1 10   5    396.08    107.96    288.12    671.925   60001.1
141748002    test1_10x5.txt                 tt 1 10   5    390.95    119.65    271.3     3963.45   60001.3
1573756134   test1_10x5.txt                 tt 1 10   5    387.3     130.2     257.1     9110.66   60001
1855732883   test1_10x5.txt                 tt 1 10   5    386.57    119.65    266.92    8293.23   60001.1
1858279865   test1_10x5.txt                 tt 1 10   5    387.27    115.45    271.82    1134.51   60001.3
1030105527   test1_15x10.txt                tt 1 15   10   798.33    244.84    553.49    42373.7   60003.6
141748002    test1_15x10.txt                tt 1 15   10   786.76    328.49    458.27    43311.9   60034.5
1573756134   test1_15x10.txt                tt 1 15   10   809.63    275.64    533.99    43144.5   60003.6
1855732883   test1_15x10.txt                tt 1 15   10   806.89    248.79    558.1     50205.7   60051.7
1858279865   test1_15x10.txt                tt 1 15   10   839.85    276.91    562.94    42332     60003.7
1030105527   test1_15x2.txt                 tt 1 15   2    790.5     730.17    60.33     4449.25   60193.1
141748002    test1_15x2.txt                 tt 1 15   2    790.5     730.17    60.33     1037.79   60897.4
1573756134   test1_15x2.txt                 tt 1 15   2    790.5     730.17    60.33     3790.19   60067.2
1855732883   test1_15x2.txt                 tt 1 15   2    790.5     730.17    60.33     7949.27   60000.8
1858279865   test1_15x2.txt                 tt 1 15   2    790.5     730.17    60.33     2055.65   60257.1
1030105527   test1_15x5.txt                 tt 1 15   5    1368.19   1284.97   83.22     23472.6   60001.9
141748002    test1_15x5.txt                 tt 1 15   5    1371.51   1279.48   92.03     43772.7   60001.6
1573756134   test1_15x5.txt                 tt 1 15   5    1372.34   1282.59   89.75     57092.1   60059.7
1855732883   test1_15x5.txt                 tt 1 15   5    1358.96   1266.6    92.36     52737.1   60011.6
1858279865   test1_15x5.txt                 tt 1 15   5    1359.53   1272.52   87.01     20668.4   60014.4
1030105527   test1_20x10.txt                tt 1 20   10   4507.91   3992.76   515.15    23713.5   60005.2
141748002    test1_20x10.txt                tt 1 20   10   4333.85   3819.14   514.71    58900.2   60005.4
1573756134   test1_20x10.txt                tt 1 20   10   4426.24   3923.58   502.66    26131.8   60005.4
1855732883   test1_20x10.txt                tt 1 20   10   4507.41   4062.46   444.95    41213.5   60004.9
1858279865   test1_20x10.txt                tt 1 20   10   4544.89   4038.2    506.69    18827.1   60005.7
1030105527   test1_20x2.txt                 tt 1 20   2    1671.87   1614.02   57.85     30097.9   60297.4
141748002    test1_20x2.txt                 tt 1 20   2    1671.87   1614.02   57.85     26572.7   60700.1
1573756134   test1_20x2.txt                 tt 1 20   2    1671.87   1614.02   57.85     37853.1   60005.4
1855732883   test1_20x2.txt                 tt 1 20   2    1671.87   1614.02   57.85     4245.7    60262.9
1858279865   test1_20x2.txt                 tt 1 20   2    1671.87   1614.02   57.85     36581.3   60672.1
1030105527   test1_20x5.txt                 tt 1 20   5    3608.24   3546.95   61.29     43909.6   60068.4
141748002    test1_20x5.txt                 tt 1 20   5    3673.71   3594      79.71     55117.7   60059.8
1573756134   test1_20x5.txt                 tt 1 20   5    3618.13   3556.84   61.29     1875.14   60280.2
1855732883   test1_20x5.txt                 tt 1 20   5    3618.13   3556.84   61.29     39111.4   60132.3
1858279865   test1_20x5.txt                 tt 1 20   5    3616.7    3538.37   78.33     14083.8   60048.3
1030105527   test2_10x10.txt                tt 2 10   10   843.68    428.8     414.88    12337.2   60002.8
141748002    test2_10x10.txt                tt 2 10   10   787.51    372.56    414.95    3477.08   60002.1
1573756134   test2_10x10.txt                tt 2 10   10   916.31    387.61    528.7     5390.62   60002.1
1855732883   test2_10x10.txt                tt 2 10   10   791.14    462.78    328.36    11265.8   60002.2
1858279865   test2_10x10.txt                tt 2 10   10   806.93    335.34    471.59    4617.21   60002
1030105527   test2_10x2.txt                 tt 2 10   2    145.37    65.75     79.62     1449.69   60682.3
141748002    test2_10x2.txt                 tt 2 10   2    145.37    65.75     79.62     2642.47   60013.9
1573756134   test2_10x2.txt                 tt 2 10   2    145.37    65.75     79.62     4130.23   60782.7
1855732883   test2_10x2.txt                 tt 2 10   2    145.37    65.75     79.62     2026.75   60016.6
1858279865   test2_10x2.txt                 tt 2 10   2    145.37    65.75     79.62     2197.42   60282.6
1030105527   test2_10x5.txt                 tt 2 10   5    627.45    540.95    86.5      4113.34   60001.1
141748002    test2_10x5.txt                 tt 2 10   5    627.64    523.44    104.2     32736.3   60001.2
1573756134   test2_10x5.txt                 tt 2 10   5    627.64    523.44    104.2     30617.7   60004.3
1855732883   test2_10x5.txt                 tt 2 10   5    627.45    540.95    86.5      7746.2    60001
1858279865   test2_10x5.txt                 tt 2 10   5    627.64    523.44    104.2     34959.8   60001.2
1030105527   test2_15x10.txt                tt 2 15   10   1171.73   646.42    525.31    18255.7   60003.3
141748002    test2_15x10.txt                tt 2 15   10   1168.2    625.08    543.12    32150     60003.3
1573756134   test2_15x10.txt                tt 2 15   10   1210.5    625.37    585.13    20454.6   60003.6
1855732883   test2_15x10.txt                tt 2 15   10   1177.46   614.75    562.71    16341.6   60003.8
1858279865   test2_15x10.txt                tt 2 15   10   1168.86   627.9     540.96    54757.9   60003.9
1030105527   test2_15x2.txt                 tt 2 15   2    905.37    893.59    11.78     3129.24   60783.8
141748002    test2_15x2.txt                 tt 2 15   2    905.37    893.59    11.78     2190.29   60203.5
1573756134   test2_15x2.txt                 tt 2 15   2    905.37    893.59    11.78     2268.61   60000.9
1855732883   test2_15x2.txt                 tt 2 15   2    905.37    893.59    11.78     2417.87   60323.9
1858279865   test2_15x2.txt                 tt 2 15   2    905.37    893.59    11.78     3360.16   60673
1030105527   test2_15x5.txt                 tt 2 15   5    688.1     404.51    283.59    9692.32   60224
141748002    test2_15x5.txt                 tt 2 15   5    683.02    391.08    291.94    18731.9   60103.7
1573756134   test2_15x5.txt                 tt 2 15   5    685.95    388.95    297       18115.2   60003.1
1855732883   test2_15x5.txt                 tt 2 15   5    677.57    391.82    285.75    29702.5   60081.9
1858279865   test2_15x5.txt                 tt 2 15   5    687.6     419.67    267.93    18281.7   60025.9
1030105527   test2_20x10.txt                tt 2 20   10   3184.53   1344.94   1839.59   33842.9   60029
141748002    test2_20x10.txt                tt 2 20   10   3265.43   1398.02   1867.41   15682.8   60005.2
1573756134   test2_20x10.txt                tt 2 20   10   3270.28   1484.14   1786.14   32185     60006.2
1855732883   test2_20x10.txt                tt 2 20   10   3170.57   1426.18   1744.39   12683.4   60005.1
1858279865   test2_20x10.txt                tt 2 20   10   3289.78   1360.05   1929.73   20784.8   60005.8
1030105527   test2_20x2.txt                 tt 2 20   2    1448.66   1227.93   220.73    19951.2   60249.1
141748002    test2_20x2.txt                 tt 2 20   2    1448.66   1227.93   220.73    4773.35   60791.6
1573756134   test2_20x2.txt                 tt 2 20   2    1448.66   1227.93   220.73    13725.9   60258.7
1855732883   test2_20x2.txt                 tt 2 20   2    1448.66   1227.93   220.73    25974     60359.4
1858279865   test2_20x2.txt                 tt 2 20   2    1448.66   1227.93   220.73    315.007   60602.9
1030105527   test2_20x5.txt                 tt 2 20   5    1812.03   1178.5    633.53    57842.6   60453.3
141748002    test2_20x5.txt                 tt 2 20   5    1812.98   1176.84   636.14    36138.2   60002.4
1573756134   test2_20x5.txt                 tt 2 20   5    1815.27   1165.51   649.76    32418.1   60015.1
1855732883   test2_20x5.txt                 tt 2 20   5    1813.35   1162.8    650.55    40012     60407.8
1858279865   test2_20x5.txt                 tt 2 20   5    1810.74   1182.98   627.76    27588     60309.3
