1030105527   test1_10x10.txt                le 1 10   10   364.39    186.42    177.97    32700.2   60003.8
141748002    test1_10x10.txt                le 1 10   10   370.79    199.83    170.96    36417.8   60001.7
1573756134   test1_10x10.txt                le 1 10   10   364.39    186.42    177.97    17434.6   60001.6
1855732883   test1_10x10.txt                le 1 10   10   364.39    186.42    177.97    12390.2   60002.8
1858279865   test1_10x10.txt                le 1 10   10   364.39    186.42    177.97    19548.1   60002.2
1030105527   test1_10x2.txt                 le 1 10   2    224.84    185.19    39.65     1.286     60325.6
141748002    test1_10x2.txt                 le 1 10   2    224.84    185.19    39.65     13.443    60894.2
1573756134   test1_10x2.txt                 le 1 10   2    224.84    185.19    39.65     12.046    60677.3
1855732883   test1_10x2.txt                 le 1 10   2    224.84    185.19    39.65     9.991     60072.3
1858279865   test1_10x2.txt                 le 1 10   2    224.84    185.19    39.65     7.174     60142.8
1030105527   test1_10x5.txt                 le 1 10   5    1743.64   1659.44   84.2      13161.2   60001
141748002    test1_10x5.txt                 le 1 10   5    1743.64   1659.44   84.2      49516.8   60200.7
1573756134   test1_10x5.txt                 le 1 10   5    1767.07   1622.08   144.99    3376.55   60001.1
1855732883   test1_10x5.txt                 le 1 10   5    1738.05   1653.85   84.2      4856.67   60382.3
1858279865   test1_10x5.txt                 le 1 10   5    1743.64   1659.44   84.2      4467.98   60013.7
1030105527   test1_15x10.txt                le 1 15   10   943.02    466.3     476.72    24912.1   60002.7
141748002    test1_15x10.txt                le 1 15   10   965.67    425.97    539.7     17133.9   60003.4
1573756134   test1_15x10.txt                le 1 15   10   945.4     521.4     424       16498.5   60130.2
1855732883   test1_15x10.txt                le 1 15   10   974.13    491.24    482.89    32261     60002.8
1858279865   test1_15x10.txt                le 1 15   10   948.91    505.54    443.37    20660.7   60002.5
1030105527   test1_15x2.txt                 le 1 15   2    1041.33   1017.4    23.93     6365.01   60174.3
141748002    test1_15x2.txt                 le 1 15   2    1041.7    1011.66   30.04     4.382     60100.6
1573756134   test1_15x2.txt                 le 1 15   2    1041.33   1017.4    23.93     40646.6   60437.8
1855732883   test1_15x2.txt                 le 1 15   2    1041.33   1017.4    23.93     31324.3   60657.7
1858279865   test1_15x2.txt                 le 1 15   2    1041.33   1017.4    23.93     7954.47   60208.4
1030105527   test1_15x5.txt                 le 1 15   5    3196.85   2935.56   261.29    13718.8   60004.2
141748002    test1_15x5.txt                 le 1 15   5    3317.05   3055.56   261.49    5899.21   60584.2
1573756134   test1_15x5.txt                 le 1 15   5    3196.85   2935.56   261.29    18290.2   60255.8
1855732883   test1_15x5.txt                 le 1 15   5    3196.85   2935.56   261.29    17653.6   60023.4
1858279865   test1_15x5.txt                 le 1 15   5    3338.99   3110      228.99    33925.4   60017.1
1030105527   test1_20x10.txt                le 1 20   10   5292.57   3856.33   1436.24   31017.8   60052.6
141748002    test1_20x10.txt                le 1 20   10   4801.59   3279.86   1521.73   42616.4   60076.2
1573756134   test1_20x10.txt                le 1 20   10   4882.22   3178.52   1703.7    43642.2   60006.4
1855732883   test1_20x10.txt                le 1 20   10   4531.4    2954.47   1576.93   56037.4   60005.6
1858279865   test1_20x10.txt                le 1 20   10   4709.23   3220.41   1488.82   58692.9   60006.3
1030105527   test1_20x2.txt                 le 1 20   2    2548.95   2528.89   20.06     24115.5   60813.6
141748002    test1_20x2.txt                 le 1 20   2    2548.95   2528.89   20.06     2169.22   60818.6
1573756134   test1_20x2.txt                 le 1 20   2    2548.95   2528.89   20.06     2813.98   60787.1
1855732883   test1_20x2.txt                 le 1 20   2    2547.68   2527.62   20.06     4512.36   60922.1
1858279865   test1_20x2.txt                 le 1 20   2    2547.68   2527.62   20.06     1115.23   60103.9
1030105527   test1_20x5.txt                 le 1 20   5    7773.29   7432.56   340.73    36053.8   60916.6
141748002    test1_20x5.txt                 le 1 20   5    7679.15   7338.42   340.73    53618.4   60002.5
1573756134   test1_20x5.txt                 le 1 20   5    7666.29   7325.56   340.73    18529.1   60255
1855732883   test1_20x5.txt                 le 1 20   5    7666.29   7325.56   340.73    24254.2   60002.8
1858279865   test1_20x5.txt                 le 1 20   5    7766.3    7425.57   340.73    31814.3   60145.2
1030105527   test2_10x10.txt                le 2 10   10   249.85    104.01    145.84    59222.3   60001.5
141748002    test2_10x10.txt                le 2 10   10   249.85    104.01    145.84    10247.8   60001.5
1573756134   test2_10x10.txt                le 2 10   10   249.85    104.01    145.84    25076.3   60001.6
1855732883   test2_10x10.txt                le 2 10   10   249.85    104.01    145.84    46736.5   60002
1858279865   test2_10x10.txt                le 2 10   10   255.13    112.48    142.65    24954     60001.6
1030105527   test2_10x2.txt                 le 2 10   2    319.37    157.16    162.21    58.934    60006.1
141748002    test2_10x2.txt                 le 2 10   2    319.37    157.16    162.21    150.475   60470.7
1573756134   test2_10x2.txt                 le 2 10   2    319.37    157.16    162.21    778.102   60109.3
1855732883   test2_10x2.txt                 le 2 10   2    324.43    179.18    145.25    1035.88   60400.2
1858279865   test2_10x2.txt                 le 2 10   2    319.37    157.16    162.21    103.665   60010.2
1030105527   test2_10x5.txt                 le 2 10   5    967.73    641.05    326.68    726.848   60001
141748002    test2_10x5.txt                 le 2 10   5    967.73    641.05    326.68    2102.24   60022.6
1573756134   test2_10x5.txt                 le 2 10   5    971.96    718.98    252.98    858.629   60001.2
1855732883   test2_10x5.txt                 le 2 10   5    967.73    641.05    326.68    797.456   60001.5
1858279865   test2_10x5.txt                 le 2 10   5    971.96    718.98    252.98    1412.94   60003.5
1030105527   test2_15x10.txt                le 2 15   10   1519.82   650.79    869.03    21060.3   60003.1
141748002    test2_15x10.txt                le 2 15   10   1544.28   770.51    773.77    13475     60003.3
1573756134   test2_15x10.txt                le 2 15   10   1543.5    714.15    829.35    19568.6   60003.2
1855732883   test2_15x10.txt                le 2 15   10   1716.51   813.48    903.03    54922.4   60374.2
1858279865   test2_15x10.txt                le 2 15   10   1514.37   656.11    858.26    37277.9   60002.9
1030105527   test2_15x2.txt                 le 2 15   2    497.97    340.91    157.06    26378.1   60105.5
141748002    test2_15x2.txt                 le 2 15   2    497.97    340.91    157.06    5091.51   60533.6
1573756134   test2_15x2.txt                 le 2 15   2    497.97    340.91    157.06    2093.27   60110.3
1855732883   test2_15x2.txt                 le 2 15   2    497.97    340.91    157.06    21001.4   60806.8
1858279865   test2_15x2.txt                 le 2 15   2    497.97    340.91    157.06    2076.01   60740.8
1030105527   test2_15x5.txt                 le 2 15   5    3283.43   2672.9    610.53    7472.34   60680.1
141748002    test2_15x5.txt                 le 2 15   5    3290.7    2680.17   610.53    7516.37   60013.4
1573756134   test2_15x5.txt                 le 2 15   5    3290.7    2680.17   610.53    16054.9   60605.1
1855732883   test2_15x5.txt                 le 2 15   5    3283.43   2672.9    610.53    8805.4    60073.2
1858279865   test2_15x5.txt                 le 2 15   5    3283.43   2672.9    610.53    19258.7   60688.8
1030105527   test2_20x10.txt                le 2 20   10   1753.97   1208.26   545.71    57621.3   60004.9
141748002    test2_20x10.txt                le 2 20   10   1754.96   1191.65   563.31    49218.7   60005.6
1573756134   test2_20x10.txt                le 2 20   10   1753.82   1172.42   581.4     59543.2   60416.1
1855732883   test2_20x10.txt                le 2 20   10   1849.33   1345      504.33    56891.8   60004.9
1858279865   test2_20x10.txt                le 2 20   10   1744.8    1216.74   528.06    36412.1   60005
1030105527   test2_20x2.txt                 le 2 20   2    3069.13   2984.99   84.14     12383.9   60275.2
141748002    test2_20x2.txt                 le 2 20   2    3069.13   2984.99   84.14     7945.13   60881
1573756134   test2_20x2.txt                 le 2 20   2    3069.13   2984.99   84.14     17182.2   60364.6
1855732883   test2_20x2.txt                 le 2 20   2    3069.13   2984.99   84.14     6536.62   60396.1
1858279865   test2_20x2.txt                 le 2 20   2    3069.13   2984.99   84.14     4444.25   60012
1030105527   test2_20x5.txt                 le 2 20   5    7469.68   6669.87   799.81    51030.2   60003.7
141748002    test2_20x5.txt                 le 2 20   5    7166.76   6230.88   935.88    50001.7   60847
1573756134   test2_20x5.txt                 le 2 20   5    7583.07   6817.19   765.88    58151.3   60006.6
1855732883   test2_20x5.txt                 le 2 20   5    7159.15   6301.3    857.85    58823.7   60187
1858279865   test2_20x5.txt                 le 2 20   5    7240.03   6446.71   793.32    54680     60127.6
1030105527   test1_10x10.txt                lt 1 10   10   386.4     89.7      296.7     3770.92   60003.2
141748002    test1_10x10.txt                lt 1 10   10   374.2     137.09    237.11    4147.02   60001.7
1573756134   test1_10x10.txt                lt 1 10   10   386.4     89.7      296.7     698.612   60002.2
1855732883   test1_10x10.txt                lt 1 10   10   375.71    143.52    232.19    7691.07   60001.8
1858279865   test1_10x10.txt                lt 1 10   10   386.4     89.7      296.7     2861.62   60001.7
1030105527   test1_10x2.txt                 lt 1 10   2    416.44    390.34    26.1      0.158     60148
141748002    test1_10x2.txt                 lt 1 10   2    416.44    390.34    26.1      0.205     60274
1573756134   test1_10x2.txt                 lt 1 10   2    416.44    390.34    26.1      9.757     60267.6
1855732883   test1_10x2.txt                 lt 1 10   2    416.44    390.34    26.1      3.294     60175.1
1858279865   test1_10x2.txt                 lt 1 10   2    416.44    390.34    26.1      0.395     60316.4
1030105527   test1_10x5.txt                 lt 1 10   5    175.08    57        118.08    3927.61   60001
141748002    test1_10x5.txt                 lt 1 10   5    175.08    57        118.08    1874.88   60046.8
1573756134   test1_10x5.txt                 lt 1 10   5    176.83    57.5      119.33    1861.05   60141.4
1855732883   test1_10x5.txt                 lt 1 10   5    176.83    57.5      119.33    3603.25   60001
1858279865   test1_10x5.txt                 lt 1 10   5    175.08    57        118.08    8826.97   60001.2
1030105527   test1_15x10.txt                lt 1 15   10   282.86    100.57    182.29    28369.3   60003.2
141748002    test1_15x10.txt                lt 1 15   10   277       85.51     191.49    56685.4   60002.5
1573756134   test1_15x10.txt                lt 1 15   10   296.28    90.44     205.84    55011.5   60002.4
1855732883   test1_15x10.txt                lt 1 15   10   287.9     96.77     191.13    26015.2   60002.6
1858279865   test1_15x10.txt                lt 1 15   10   287.08    93.68     193.4     20699.9   60002.4
1030105527   test1_15x2.txt                 lt 1 15   2    654.84    641.58    13.26     13.538    60282.8
141748002    test1_15x2.txt                 lt 1 15   2    654.84    641.58    13.26     1.454     60101.3
1573756134   test1_15x2.txt                 lt 1 15   2    654.84    641.58    13.26     1.751     60986
1855732883   test1_15x2.txt                 lt 1 15   2    654.84    641.58    13.26     2115.21   60426.8
1858279865   test1_15x2.txt                 lt 1 15   2    654.84    641.58    13.26     12.616    60295
1030105527   test1_15x5.txt                 lt 1 15   5    1312.85   1080.93   231.92    6876.42   60006.6
141748002    test1_15x5.txt                 lt 1 15   5    1312.85   1080.93   231.92    10444.6   60014.2
1573756134   test1_15x5.txt                 lt 1 15   5    1316.98   1080.93   236.05    3681.23   60002.3
1855732883   test1_15x5.txt                 lt 1 15   5    1316.08   1081.88   234.2     19822.2   60098.4
1858279865   test1_15x5.txt                 lt 1 15   5    1312.85   1080.93   231.92    2713.24   60006
1030105527   test1_20x10.txt                lt 1 20   10   5585.61   5325.61   260       35126.5   60069.9
141748002    test1_20x10.txt                lt 1 20   10   5501      5260.66   240.34    17224.6   60005.3
1573756134   test1_20x10.txt                lt 1 20   10   5000.53   4766.06   234.47    59356.7   60005.4
1855732883   test1_20x10.txt                lt 1 20   10   5323.08   5083.38   239.7     57166.4   60025.3
1858279865   test1_20x10.txt                lt 1 20   10   5745.49   5544.71   200.78    40400     60006
1030105527   test1_20x2.txt                 lt 1 20   2    1203.88   1096.63   107.25    42.244    60542.1
141748002    test1_20x2.txt                 lt 1 20   2    1203.88   1096.63   107.25    34.605    60464.7
1573756134   test1_20x2.txt                 lt 1 20   2    1206.97   1104.92   102.05    37.106    60789.3
1855732883   test1_20x2.txt                 lt 1 20   2    1206.97   1104.92   102.05    7527.99   60252.2
1858279865   test1_20x2.txt                 lt 1 20   2    1206.97   1104.92   102.05    19294.3   60875.8
1030105527   test1_20x5.txt                 lt 1 20   5    2907.35   2544.37   362.98    22837     60003.5
141748002    test1_20x5.txt                 lt 1 20   5    3003.09   2675.46   327.63    28147.6   60005
1573756134   test1_20x5.txt                 lt 1 20   5    3018.63   2686.88   331.75    16861.7   60184.4
1855732883   test1_20x5.txt                 lt 1 20   5    3078.37   2760.38   317.99    19120.7   60002.3
1858279865   test1_20x5.txt                 lt 1 20   5    2936.27   2560.48   375.79    19967.7   60932.2
1030105527   test2_10x10.txt                lt 2 10   10   144.94    52.98     91.96     4188.58   60002
141748002    test2_10x10.txt                lt 2 10   10   144.94    52.98     91.96     2565.48   60028.7
1573756134   test2_10x10.txt                lt 2 10   10   144.94    52.98     91.96     10204.4   60002.6
1855732883   test2_10x10.txt                lt 2 10   10   146.06    49.98     96.08     5551.06   60002.8
1858279865   test2_10x10.txt                lt 2 10   10   144.94    52.98     91.96     3762.72   60001.6
1030105527   test2_10x2.txt                 lt 2 10   2    137.94    66.09     71.85     353.989   60060.6
141748002    test2_10x2.txt                 lt 2 10   2    137.94    66.09     71.85     387.016   60267.6
1573756134   test2_10x2.txt                 lt 2 10   2    137.94    66.09     71.85     862.949   60464.6
1855732883   test2_10x2.txt                 lt 2 10   2    137.94    66.09     71.85     302.449   60018
1858279865   test2_10x2.txt                 lt 2 10   2    137.94    66.09     71.85     845.364   60344
1030105527   test2_10x5.txt                 lt 2 10   5    485.06    440.51    44.55     50573.9   60009.1
141748002    test2_10x5.txt                 lt 2 10   5    492.11    457.24    34.87     6008.41   60012.5
1573756134   test2_10x5.txt                 lt 2 10   5    488.78    444.52    44.26     50489.6   60053.5
1855732883   test2_10x5.txt                 lt 2 10   5    485.06    440.51    44.55     15046.5   60001.6
1858279865   test2_10x5.txt                 lt 2 10   5    485.06    440.51    44.55     19555.4   60288.3
1030105527   test2_15x10.txt                lt 2 15   10   593.11    266.41    326.7     55127.5   60002.9
141748002    test2_15x10.txt                lt 2 15   10   587.24    245.83    341.41    50203.7   60048.7
1573756134   test2_15x10.txt                lt 2 15   10   609.87    337.62    272.25    18199.9   60046.6
1855732883   test2_15x10.txt                lt 2 15   10   587.24    245.83    341.41    7546.06   60002.8
1858279865   test2_15x10.txt                lt 2 15   10   587.24    228.16    359.08    12582.2   60002.5
1030105527   test2_15x2.txt                 lt 2 15   2    279.71    133.52    146.19    44683.8   60001.6
141748002    test2_15x2.txt                 lt 2 15   2    279.71    133.52    146.19    191.694   60000.8
1573756134   test2_15x2.txt                 lt 2 15   2    279.71    133.52    146.19    52445.5   60932.4
1855732883   test2_15x2.txt                 lt 2 15   2    279.71    133.52    146.19    7754.69   60090.6
1858279865   test2_15x2.txt                 lt 2 15   2    279.71    133.52    146.19    9843.46   60302.2
1030105527   test2_15x5.txt                 lt 2 15   5    328.13    120.21    207.92    50149.1   60257.2
141748002    test2_15x5.txt                 lt 2 15   5    361.94    148.75    213.19    33632.6   60235.3
1573756134   test2_15x5.txt                 lt 2 15   5    390.65    112.12    278.53    13577.4   60379.3
1855732883   test2_15x5.txt                 lt 2 15   5    328.9     130.97    197.93    25459.5   60004.9
1858279865   test2_15x5.txt                 lt 2 15   5    360.2     85.82     274.38    16438.7   60001.5
1030105527   test2_20x10.txt                lt 2 20   10   1554.3    512.23    1042.07   41799.2   60044.1
141748002    test2_20x10.txt                lt 2 20   10   1560.01   635.69    924.32    36375.4   60004.2
1573756134   test2_20x10.txt                lt 2 20   10   1562.3    596.53    965.77    43395.5   60004.8
1855732883   test2_20x10.txt                lt 2 20   10   1569.87   657.58    912.29    57668     60303.6
1858279865   test2_20x10.txt                lt 2 20   10   1549.78   691.47    858.31    46947.4   60004.9
1030105527   test2_20x2.txt                 lt 2 20   2    772.85    733.15    39.7      3183.37   60631.3
141748002    test2_20x2.txt                 lt 2 20   2    772.85    733.15    39.7      10441.1   60350.1
1573756134   test2_20x2.txt                 lt 2 20   2    772.85    733.15    39.7      35.235    60542.3
1855732883   test2_20x2.txt                 lt 2 20   2    772.85    733.15    39.7      6780.73   60652.9
1858279865   test2_20x2.txt                 lt 2 20   2    772.85    733.15    39.7      1111.32   60851.4
1030105527   test2_20x5.txt                 lt 2 20   5    3917.24   3833.14   84.1      34089.4   60919.3
141748002    test2_20x5.txt                 lt 2 20   5    3825.26   3736.59   88.67     31939.2   60341
1573756134   test2_20x5.txt                 lt 2 20   5    3939.99   3853.25   86.74     30936.9   60186.3
1855732883   test2_20x5.txt                 lt 2 20   5    3937.32   3848.73   88.59     24666.7   60450.8
1858279865   test2_20x5.txt                 lt 2 20   5    4079.95   3990.32   89.63     39890.1   60103.3
1030105527   test1_10x10.txt                te 1 10   10   1307.44   991       316.44    2690.21   60002.3
141748002    test1_10x10.txt                te 1 10   10   1306.79   1014.4    292.39    639.12    60001.9
1573756134   test1_10x10.txt                te 1 10   10   1276.23   989.86    286.37    781.853   60002.3
1855732883   test1_10x10.txt                te 1 10   10   1301.46   958.07    343.39    3180.51   60002.5
1858279865   test1_10x10.txt                te 1 10   10   1302.12   1001.02   301.1     4553.39   60002
1030105527   test1_10x2.txt                 te 1 10   2    461.96    379.78    82.18     192.193   60173.8
141748002    test1_10x2.txt                 te 1 10   2    461.96    379.78    82.18     551.251   60060.5
1573756134   test1_10x2.txt                 te 1 10   2    461.96    379.78    82.18     1238.12   60462
1855732883   test1_10x2.txt                 te 1 10   2    461.96    379.78    82.18     804.357   60263
1858279865   test1_10x2.txt                 te 1 10   2    461.96    379.78    82.18     1050      60473.3
1030105527   test1_10x5.txt                 te 1 10   5    690.29    418.16    272.13    31034.3   60001.6
141748002    test1_10x5.txt                 te 1 10   5    724.82    411.24    313.58    1566.98   60001.2
1573756134   test1_10x5.txt                 te 1 10   5    690.29    418.16    272.13    723.588   60004.7
1855732883   test1_10x5.txt                 te 1 10   5    690.29    418.16    272.13    1730.98   60038.1
1858279865   test1_10x5.txt                 te 1 10   5    689.11    414.1     275.01    1648.67   60020
1030105527   test1_15x10.txt                te 1 15   10   6831.26   6789.04   42.22     23572.2   60003.5
141748002    test1_15x10.txt                te 1 15   10   6839.56   6782.1    57.46     21160.9   60003
1573756134   test1_15x10.txt                te 1 15   10   7469.09   7426.87   42.22     3860.61   60003.5
1855732883   test1_15x10.txt                te 1 15   10   6582.59   6525.13   57.46     58262.5   60003.2
1858279865   test1_15x10.txt                te 1 15   10   6793.36   6738.6    54.76     5129.36   60003.2
1030105527   test1_15x2.txt                 te 1 15   2    3344.54   3291.15   53.39     2077.04   60594.1
141748002    test1_15x2.txt                 te 1 15   2    3344.54   3291.15   53.39     8.033     60582.8
1573756134   test1_15x2.txt                 te 1 15   2    3344.54   3291.15   53.39     25.573    60406.2
1855732883   test1_15x2.txt                 te 1 15   2    3344.54   3291.15   53.39     6.454     60175.6
1858279865   test1_15x2.txt                 te 1 15   2    3344.54   3291.15   53.39     1.516     60327.3
1030105527   test1_15x5.txt                 te 1 15   5    1318.68   1092.34   226.34    6324.32   60107
141748002    test1_15x5.txt                 te 1 15   5    1318.68   1092.34   226.34    35543.7   60197.5
1573756134   test1_15x5.txt                 te 1 15   5    1318.68   1092.34   226.34    1756.53   60001.7
1855732883   test1_15x5.txt                 te 1 15   5    1337.19   1103.42   233.77    4467.3    60085.6
1858279865   test1_15x5.txt                 te 1 15   5    1328.19   1076.76   251.43    53614.5   60001.8
1030105527   test1_20x10.txt                te 1 20   10   11193.5   10787.8   405.64    43655.1   60082.5
141748002    test1_20x10.txt                te 1 20   10   11509.6   11104.8   404.77    26357.5   60005.4
1573756134   test1_20x10.txt                te 1 20   10   11465.5   11084.4   381.09    33960     60005.5
1855732883   test1_20x10.txt                te 1 20   10   10886.6   10415.2   471.36    23361.3   60005.7
1858279865   test1_20x10.txt                te 1 20   10   11399.2   11036.9   362.24    49517.3   60007.3
1030105527   test1_20x2.txt                 te 1 20   2    1937.49   1933.53   3.96      3302.59   60702.8
141748002    test1_20x2.txt                 te 1 20   2    1937.49   1933.53   3.96      20268.8   60712.8
1573756134   test1_20x2.txt                 te 1 20   2    1937.49   1933.53   3.96      4573.86   60736
1855732883   test1_20x2.txt                 te 1 20   2    1937.49   1933.53   3.96      4436.05   60668.8
1858279865   test1_20x2.txt                 te 1 20   2    1937.49   1933.53   3.96      50249.4   60769.9
1030105527   test1_20x5.txt                 te 1 20   5    2888.46   1886.88   1001.58   21419.2   60184.6
141748002    test1_20x5.txt                 te 1 20   5    2896.64   1799.77   1096.87   26719.4   60002.7
1573756134   test1_20x5.txt                 te 1 20   5    2872.06   1723.88   1148.18   59606     60800.4
1855732883   test1_20x5.txt                 te 1 20   5    2856.37   1680.19   1176.18   54576.6   60002.6
1858279865   test1_20x5.txt                 te 1 20   5    2869.77   1769.66   1100.11   55352.2   60325.7
1030105527   test2_10x10.txt                te 2 10   10   1893.25   994.2     899.05    5920.43   60002.2
141748002    test2_10x10.txt                te 2 10   10   1873.64   1064.02   809.62    30473.8   60002
1573756134   test2_10x10.txt                te 2 10   10   1910.37   1036.23   874.14    4057.54   60009.8
1855732883   test2_10x10.txt                te 2 10   10   1913.88   1124.78   789.1     27951.6   60002.2
1858279865   test2_10x10.txt                te 2 10   10   1892.71   1086.85   805.86    36895.9   60002.2
1030105527   test2_10x2.txt                 te 2 10   2    448.32    436.29    12.03     2.099     60131.1
141748002    test2_10x2.txt                 te 2 10   2    448.32    436.29    12.03     3.109     60015.9
1573756134   test2_10x2.txt                 te 2 10   2    448.32    436.29    12.03     5.929     60320.4
1855732883   test2_10x2.txt                 te 2 10   2    448.32    436.29    12.03     5.445     60043.9
1858279865   test2_10x2.txt                 te 2 10   2    448.32    436.29    12.03     304.699   60081.8
1030105527   test2_10x5.txt                 te 2 10   5    763.24    695.79    67.45     1683.24   60001.4
141748002    test2_10x5.txt                 te 2 10   5    763.24    695.79    67.45     1780.17   60001.1
1573756134   test2_10x5.txt                 te 2 10   5    763.24    695.79    67.45     1327.82   60001.1
1855732883   test2_10x5.txt                 te 2 10   5    763.24    695.79    67.45     6029.9    60001.2
1858279865   test2_10x5.txt                 te 2 10   5    763.24    695.79    67.45     3258.07   60013.3
1030105527   test2_15x10.txt                te 2 15   10   4843.7    3788.37   1055.33   14805.1   60004.7
141748002    test2_15x10.txt                te 2 15   10   4691      3382.02   1308.98   45521     60004.1
1573756134   test2_15x10.txt                te 2 15   10   4849.04   3742.29   1106.75   3775.01   60004.3
1855732883   test2_15x10.txt                te 2 15   10   4691      3382.02   1308.98   60000     60003.4
1858279865   test2_15x10.txt                te 2 15   10   4736.32   3382.03   1354.29   44978     60004.4
1030105527   test2_15x2.txt                 te 2 15   2    1479.76   1465.94   13.82     1064.68   60932.4
141748002    test2_15x2.txt                 te 2 15   2    1479.76   1465.94   13.82     2092.69   60906.6
1573756134   test2_15x2.txt                 te 2 15   2    1479.76   1465.94   13.82     1066.84   60884.7
1855732883   test2_15x2.txt                 te 2 15   2    1479.76   1465.94   13.82     1066.96   60620
1858279865   test2_15x2.txt                 te 2 15   2    1479.76   1465.94   13.82     1312.56   60884.4
1030105527   test2_15x5.txt                 te 2 15   5    2644.32   2520.73   123.59    58324     60024.7
141748002    test2_15x5.txt                 te 2 15   5    2643.84   2516.14   127.7     10285.4   60001.9
1573756134   test2_15x5.txt                 te 2 15   5    2646.57   2518.87   127.7     39880.3   60344.2
1855732883   test2_15x5.txt                 te 2 15   5    2652.31   2524.61   127.7     20539.2   60181.3
1858279865   test2_15x5.txt                 te 2 15   5    2651.16   2523.46   127.7     6059.05   60524.3
1030105527   test2_20x10.txt                te 2 20   10   7213.39   3957.36   3256.03   60000.2   60006.3
141748002    test2_20x10.txt                te 2 20   10   7278.27   4193.35   3084.92   41982.3   60006.8
1573756134   test2_20x10.txt                te 2 20   10   7234.84   3712.87   3521.97   40173.1   60005.6
1855732883   test2_20x10.txt                te 2 20   10   7145.6    4040.97   3104.63   56084.3   60017.8
1858279865   test2_20x10.txt                te 2 20   10   7222.51   4178.08   3044.43   44653.6   60005.3
1030105527   test2_20x2.txt                 te 2 20   2    941.69    896.72    44.97     16947.8   60488.9
141748002    test2_20x2.txt                 te 2 20   2    941.69    896.72    44.97     20007.2   60755.8
1573756134   test2_20x2.txt                 te 2 20   2    941.69    896.72    44.97     12920.8   60188.1
1855732883   test2_20x2.txt                 te 2 20   2    948.01    888.26    59.75     3692.48   60091.6
1858279865   test2_20x2.txt                 te 2 20   2    941.69    896.72    44.97     38183.4   60001.6
1030105527   test2_20x5.txt                 te 2 20   5    6692.56   6652.74   39.82     58830.6   60004.3
141748002    test2_20x5.txt                 te 2 20   5    6817.44   6788.4    29.04     21091.4   60308.6
1573756134   test2_20x5.txt                 te 2 20   5    6751.1    6711.28   39.82     57888.5   60273
1855732883   test2_20x5.txt                 te 2 20   5    6719.72   6680.75   38.97     31084.1   60002.2
1858279865   test2_20x5.txt                 te 2 20   5    6817.38   6777.56   39.82     9528.6    60648.8
1030105527   test1_10x10.txt                tt 1 10   10   668.14    259.95    408.19    24470.1   60001.7
141748002    test1_10x10.txt                tt 1 10   10   669.93    286.25    383.68    1085.18   60001.8
1573756134   test1_10x10.txt                tt 1 10   10   669.31    259.95    409.36    11673.6   60001.9
1855732883   test1_10x10.txt                tt 1 10   10   669.31    259.95    409.36    13734.5   60001.8
1858279865   test1_10x10.txt                tt 1 10   10   669.31    259.95    409.36    23632.1   60002.2
1030105527   test1_10x2.txt                 tt 1 10   2    179.46    137.72    41.74     12.815    60552.6
141748002    test1_10x2.txt                 tt 1 10   2    179.46    137.72    41.74     1.002     60432.6
1573756134   test1_10x2.txt                 tt 1 10   2    179.46    137.72    41.74     144.654   60000.6
1855732883   test1_10x2.txt                 tt 1 10   2    179.46    137.72    41.74     59.623    60381.9
1858279865   test1_10x2.txt                 tt 1 10   2    179.46    137.72    41.74     11.143    60305.3
1030105527   test1_10x5.txt                 tt 1 10   5    385.28    115.45    269.83    2186.92   60001
141748002    test1_10x5.txt                 tt 1 10   5    395.83    129.26    266.57    6795.97   60136.5
1573756134   test1_10x5.txt                 tt 1 10   5    400.99    138.52    262.47    1294.85   60001.1
1855732883   test1_10x5.txt                 tt 1 10   5    394       114.24    279.76    3875.04   60014.6
1858279865   test1_10x5.txt                 tt 1 10   5    395.83    129.26    266.57    1360.45   60039.7
1030105527   test1_15x10.txt                tt 1 15   10   798.5     198.54    599.96    38898.3   60003.3
141748002    test1_15x10.txt                tt 1 15   10   878.66    296.8     581.86    57844.1   60003.6
1573756134   test1_15x10.txt                tt 1 15   10   806.68    254.26    552.42    26617.2   60004
1855732883   test1_15x10.txt                tt 1 15   10   789.01    197.02    591.99    52695.1   60003.3
1858279865   test1_15x10.txt                tt 1 15   10   813.57    202.21    611.36    23155.4   60003.5
1030105527   test1_15x2.txt                 tt 1 15   2    790.5     730.17    60.33     2154.77   60660.8
141748002    test1_15x2.txt                 tt 1 15   2    790.5     730.17    60.33     20.763    60878.4
1573756134   test1_15x2.txt                 tt 1 15   2    790.5     730.17    60.33     1070.22   60006.8
1855732883   test1_15x2.txt                 tt 1 15   2    790.5     730.17    60.33     5243.74   60621.6
1858279865   test1_15x2.txt                 tt 1 15   2    790.5     730.17    60.33     2112.59   60788.8
1030105527   test1_15x5.txt                 tt 1 15   5    1422.4    1329.51   92.89     11006.9   60121.1
141748002    test1_15x5.txt                 tt 1 15   5    1452.27   1381.1    71.17     21848.4   60021.7
1573756134   test1_15x5.txt                 tt 1 15   5    1441.31   1350.34   90.97     1515.23   60001.8
1855732883   test1_15x5.txt                 tt 1 15   5    1421.14   1329.11   92.03     7206.66   60062.8
1858279865   test1_15x5.txt                 tt 1 15   5    1451.41   1361.01   90.4      16913.4   60001.7
1030105527   test1_20x10.txt                tt 1 20   10   4462.66   3968.38   494.28    28821     60306.1
141748002    test1_20x10.txt                tt 1 20   10   4554.99   4050.88   504.11    46179.5   60007.6
1573756134   test1_20x10.txt                tt 1 20   10   4467.03   3999.32   467.71    44390.5   60005
1855732883   test1_20x10.txt                tt 1 20   10   5040.95   4612.81   428.14    58237.6   60006.2
1858279865   test1_20x10.txt                tt 1 20   10   5021.04   4596.91   424.13    45839.1   60007.6
1030105527   test1_20x2.txt                 tt 1 20   2    1671.87   1614.02   57.85     22187.7   60195.9
141748002    test1_20x2.txt                 tt 1 20   2    1671.87   1614.02   57.85     5326.5    60461.5
1573756134   test1_20x2.txt                 tt 1 20   2    1671.87   1614.02   57.85     7357.32   60349.4
1855732883   test1_20x2.txt                 tt 1 20   2    1671.87   1614.02   57.85     26077.2   60195.9
1858279865   test1_20x2.txt                 tt 1 20   2    1671.87   1614.02   57.85     27866.3   60371.3
1030105527   test1_20x5.txt                 tt 1 20   5    3632.64   3555.36   77.28     59031.7   60019.6
141748002    test1_20x5.txt                 tt 1 20   5    3691.66   3613.66   78        11940.3   60657.1
1573756134   test1_20x5.txt                 tt 1 20   5    3728.94   3656.65   72.29     42506.4   60339.3
1855732883   test1_20x5.txt                 tt 1 20   5    3749.39   3669.57   79.82     12121.3   60025.9
1858279865   test1_20x5.txt                 tt 1 20   5    3737.58   3658.05   79.53     38684.4   60849
1030105527   test2_10x10.txt                tt 2 10   10   783.44    439.65    343.79    30638.8   60002.3
141748002    test2_10x10.txt                tt 2 10   10   789.44    401.97    387.47    32064.7   60003
1573756134   test2_10x10.txt                tt 2 10   10   819.13    518.51    300.62    43080.1   60010
1855732883   test2_10x10.txt                tt 2 10   10   789.46    426.36    363.1     21620     60002
1858279865   test2_10x10.txt                tt 2 10   10   783.44    439.65    343.79    18288.9   60002.5
1030105527   test2_10x2.txt                 tt 2 10   2    145.37    65.75     79.62     2175.06   60424.9
141748002    test2_10x2.txt                 tt 2 10   2    145.37    65.75     79.62     1619.28   60210.2
1573756134   test2_10x2.txt                 tt 2 10   2    145.37    65.75     79.62     2083.17   60441.4
1855732883   test2_10x2.txt                 tt 2 10   2    145.37    65.75     79.62     1148.24   60735
1858279865   test2_10x2.txt                 tt 2 10   2    145.37    65.75     79.62     1037.1    60029.9
1030105527   test2_10x5.txt                 tt 2 10   5    627.45    540.95    86.5      541.094   60067.1
141748002    test2_10x5.txt                 tt 2 10   5    627.64    523.44    104.2     1301.27   60001.9
1573756134   test2_10x5.txt                 tt 2 10   5    627.64    523.44    104.2     1349.43   60006.9
1855732883   test2_10x5.txt                 tt 2 10   5    627.64    523.44    104.2     9236.42   60081.3
1858279865   test2_10x5.txt                 tt 2 10   5    627.45    540.95    86.5      5721.3    60006.7
1030105527   test2_15x10.txt                tt 2 15   10   1376.98   761.76    615.22    15057.5   60004.3
141748002    test2_15x10.txt                tt 2 15   10   1168.86   627.9     540.96    46488.7   60200.1
1573756134   test2_15x10.txt                tt 2 15   10   1250.32   685.57    564.75    49955.5   60005.1
1855732883   test2_15x10.txt                tt 2 15   10   1164.35   579.71    584.64    31711.4   60003.5
1858279865   test2_15x10.txt                tt 2 15   10   1212.77   636.74    576.03    37308.5   60003.3
1030105527   test2_15x2.txt                 tt 2 15   2    905.37    893.59    11.78     4122.85   60586.8
141748002    test2_15x2.txt                 tt 2 15   2    905.37    893.59    11.78     3657.52   60328.1
1573756134   test2_15x2.txt                 tt 2 15   2    905.37    893.59    11.78     208.264   60499.4
1855732883   test2_15x2.txt                 tt 2 15   2    905.37    893.59    11.78     3526.61   60710.5
1858279865   test2_15x2.txt                 tt 2 15   2    905.37    893.59    11.78     3100.27   60078.5
1030105527   test2_15x5.txt                 tt 2 15   5    680.43    398.86    281.57    42933     60192.2
141748002    test2_15x5.txt                 tt 2 15   5    683.31    388.8     294.51    53526.1   60063
1573756134   test2_15x5.txt                 tt 2 15   5    716.72    420.26    296.46    17642.1   60152.4
1855732883   test2_15x5.txt                 tt 2 15   5    692.09    406.05    286.04    43453.9   60001.6
1858279865   test2_15x5.txt                 tt 2 15   5    700.28    414.7     285.58    11608     60001.7
1030105527   test2_20x10.txt                tt 2 20   10   3307.27   1355.71   1951.56   30638.1   60005.3
141748002    test2_20x10.txt                tt 2 20   10   3333.51   1383.93   1949.58   41736.6   60005.5
1573756134   test2_20x10.txt                tt 2 20   10   3292.26   1365.81   1926.45   25762.5   60005.7
1855732883   test2_20x10.txt                tt 2 20   10   3306.79   1362.91   1943.88   13341.4   60108.4
1858279865   test2_20x10.txt                tt 2 20   10   3280.93   1399.55   1881.38   59015.2   60005.5
1030105527   test2_20x2.txt                 tt 2 20   2    1448.66   1227.93   220.73    5696.65   60396.5
141748002    test2_20x2.txt                 tt 2 20   2    1453.68   1248.18   205.5     44372.3   60537.5
1573756134   test2_20x2.txt                 tt 2 20   2    1448.66   1227.93   220.73    5238.95   60965.5
1855732883   test2_20x2.txt                 tt 2 20   2    1451.02   1226.45   224.57    8835.82   60134
1858279865   test2_20x2.txt                 tt 2 20   2    1448.66   1227.93   220.73    52051.4   60800.4
1030105527   test2_20x5.txt                 tt 2 20   5    1808.46   1157.29   651.17    38530.8   60965
141748002    test2_20x5.txt                 tt 2 20   5    1814.6    1156.81   657.79    17860.6   60713.1
1573756134   test2_20x5.txt                 tt 2 20   5    1817.87   1177.73   640.14    47066.9   60640.5
1855732883   test2_20x5.txt                 tt 2 20   5    1843.31   1198.17   645.14    15410.4   60002.3
1858279865   test2_20x5.txt                 tt 2 20   5    1815.57   1179.74   635.83    44004.4   60495.6
