seed insts type test j m penalties tpenalty epenalty tmfound time
1030105527   test1_10x10.txt                le 1 10   10   360.74    184.07    176.67    6927.88   60001.9
141748002    test1_10x10.txt                le 1 10   10   375.6     149.12    226.48    18228.9   60001.8
1573756134   test1_10x10.txt                le 1 10   10   364.59    162.78    201.81    16607     60001.6
1855732883   test1_10x10.txt                le 1 10   10   367.83    167.7     200.13    5609.65   60001.9
1858279865   test1_10x10.txt                le 1 10   10   367.83    167.7     200.13    9652.25   60002.5
1030105527   test1_10x2.txt                 le 1 10   2    224.84    185.19    39.65     383.452   60115.1
141748002    test1_10x2.txt                 le 1 10   2    224.84    185.19    39.65     1.889     60475.3
1573756134   test1_10x2.txt                 le 1 10   2    224.84    185.19    39.65     1015.22   60455.9
1855732883   test1_10x2.txt                 le 1 10   2    224.84    185.19    39.65     0.35      60487.3
1858279865   test1_10x2.txt                 le 1 10   2    224.84    185.19    39.65     1.126     60386.1
1030105527   test1_10x5.txt                 le 1 10   5    1719.63   1639.97   79.66     2154      60919.1
141748002    test1_10x5.txt                 le 1 10   5    1767.07   1622.08   144.99    6876.34   60015
1573756134   test1_10x5.txt                 le 1 10   5    1738.05   1653.85   84.2      6737.95   60017.5
1855732883   test1_10x5.txt                 le 1 10   5    1767.07   1622.08   144.99    7860.07   60001.2
1858279865   test1_10x5.txt                 le 1 10   5    1738.05   1653.85   84.2      2812.98   60172.3
1030105527   test1_15x10.txt                le 1 15   10   942.48    461.97    480.51    16453     60004
141748002    test1_15x10.txt                le 1 15   10   987.23    521.18    466.05    59452.1   60002.9
1573756134   test1_15x10.txt                le 1 15   10   939.18    490.54    448.64    16453.2   60002.8
1855732883   test1_15x10.txt                le 1 15   10   973.16    563.74    409.42    43835.2   60033
1858279865   test1_15x10.txt                le 1 15   10   921.11    441.46    479.65    50511.4   60002.6
1030105527   test1_15x2.txt                 le 1 15   2    1041.7    1011.66   30.04     1025.13   60945.5
141748002    test1_15x2.txt                 le 1 15   2    1041.33   1017.4    23.93     1986.39   60327.5
1573756134   test1_15x2.txt                 le 1 15   2    1041.33   1017.4    23.93     1131.07   60997.2
1855732883   test1_15x2.txt                 le 1 15   2    1041.33   1017.4    23.93     1029.65   60209
1858279865   test1_15x2.txt                 le 1 15   2    1041.33   1017.4    23.93     17445     60797.3
1030105527   test1_15x5.txt                 le 1 15   5    3223.17   2931.81   291.36    27766.9   60038.2
141748002    test1_15x5.txt                 le 1 15   5    3223.17   2931.81   291.36    32468.2   60001.7
1573756134   test1_15x5.txt                 le 1 15   5    3253.96   2948.28   305.68    10593.4   60053
1855732883   test1_15x5.txt                 le 1 15   5    3196.85   2935.56   261.29    7875.12   60536.8
1858279865   test1_15x5.txt                 le 1 15   5    3196.33   2888.75   307.58    24458.8   60037.5
1030105527   test1_20x10.txt                le 1 20   10   4842.3    3303.04   1539.26   60000.1   60005.3
141748002    test1_20x10.txt                le 1 20   10   5011.83   3283.74   1728.09   59607.2   60005.6
1573756134   test1_20x10.txt                le 1 20   10   4835.07   3076.37   1758.7    58260.8   60006.4
1855732883   test1_20x10.txt                le 1 20   10   4901.23   3427.56   1473.67   33091.3   60005.3
1858279865   test1_20x10.txt                le 1 20   10   4798.48   3167.71   1630.77   56652.8   60005
1030105527   test1_20x2.txt                 le 1 20   2    2548.95   2528.89   20.06     15570.5   60434.4
141748002    test1_20x2.txt                 le 1 20   2    2548.95   2528.89   20.06     28995.1   60227.9
1573756134   test1_20x2.txt                 le 1 20   2    2548.95   2528.89   20.06     21540.5   60007.5
1855732883   test1_20x2.txt                 le 1 20   2    2547.68   2527.62   20.06     6815.13   60721.4
1858279865   test1_20x2.txt                 le 1 20   2    2548.95   2528.89   20.06     38683.8   60198.6
1030105527   test1_20x5.txt                 le 1 20   5    7614.46   7211.93   402.53    24126.5   60032.3
141748002    test1_20x5.txt                 le 1 20   5    7698.65   7357.92   340.73    21636.3   60048
1573756134   test1_20x5.txt                 le 1 20   5    7589.16   7250.36   338.8     48243.4   60424.9
1855732883   test1_20x5.txt                 le 1 20   5    7746.55   7426.24   320.31    26861.5   60002.4
1858279865   test1_20x5.txt                 le 1 20   5    7566.72   7182.04   384.68    31575.9   60987.2
1030105527   test2_10x10.txt                le 2 10   10   255.23    105.5     149.73    4259.41   60001.9
141748002    test2_10x10.txt                le 2 10   10   251.86    116.46    135.4     8598.55   60004.9
1573756134   test2_10x10.txt                le 2 10   10   249.85    104.01    145.84    12553.3   60001.5
1855732883   test2_10x10.txt                le 2 10   10   249.85    104.01    145.84    4944.4    60015.2
1858279865   test2_10x10.txt                le 2 10   10   249.85    104.01    145.84    5954.58   60002.2
1030105527   test2_10x2.txt                 le 2 10   2    319.37    157.16    162.21    1055.7    60996.1
141748002    test2_10x2.txt                 le 2 10   2    319.37    157.16    162.21    2357.34   60320
1573756134   test2_10x2.txt                 le 2 10   2    319.37    157.16    162.21    37.519    60251
1855732883   test2_10x2.txt                 le 2 10   2    319.37    157.16    162.21    1138.52   60216.2
1858279865   test2_10x2.txt                 le 2 10   2    319.37    157.16    162.21    40.704    60037.4
1030105527   test2_10x5.txt                 le 2 10   5    989.05    662.67    326.38    2449.94   60001.2
141748002    test2_10x5.txt                 le 2 10   5    976.28    814.76    161.52    1284.42   60001
1573756134   test2_10x5.txt                 le 2 10   5    967.73    641.05    326.68    1620.92   60032.3
1855732883   test2_10x5.txt                 le 2 10   5    971.96    718.98    252.98    10658.6   60001
1858279865   test2_10x5.txt                 le 2 10   5    989.05    662.67    326.38    5117.12   60001.2
1030105527   test2_15x10.txt                le 2 15   10   1503.09   676.16    826.93    18153.7   60003.1
141748002    test2_15x10.txt                le 2 15   10   1570.02   716.67    853.35    47175.3   60016.4
1573756134   test2_15x10.txt                le 2 15   10   1520.68   776.51    744.17    39491     60004.2
1855732883   test2_15x10.txt                le 2 15   10   1500.15   738.49    761.66    47260.7   60003.5
1858279865   test2_15x10.txt                le 2 15   10   1581.25   726.14    855.11    14202.6   60003
1030105527   test2_15x2.txt                 le 2 15   2    497.97    340.91    157.06    6970.07   60703.4
141748002    test2_15x2.txt                 le 2 15   2    497.97    340.91    157.06    8857.77   60936.7
1573756134   test2_15x2.txt                 le 2 15   2    497.97    340.91    157.06    14181.8   60881.6
1855732883   test2_15x2.txt                 le 2 15   2    497.97    340.91    157.06    4256.74   60432.7
1858279865   test2_15x2.txt                 le 2 15   2    497.97    340.91    157.06    4277.21   60606.1
1030105527   test2_15x5.txt                 le 2 15   5    3288.27   2568.04   720.23    14299.3   60008.4
141748002    test2_15x5.txt                 le 2 15   5    3290.7    2680.17   610.53    6767.72   60427
1573756134   test2_15x5.txt                 le 2 15   5    3283.43   2672.9    610.53    12800.2   60001.7
1855732883   test2_15x5.txt                 le 2 15   5    3326.55   2722.19   604.36    8508.06   60012.8
1858279865   test2_15x5.txt                 le 2 15   5    3283.43   2672.9    610.53    19420.1   60967.1
1030105527   test2_20x10.txt                le 2 20   10   1728.48   1216.92   511.56    43500.8   60004.7
141748002    test2_20x10.txt                le 2 20   10   1726.16   1167.49   558.67    20988.1   60005
1573756134   test2_20x10.txt                le 2 20   10   1726.01   1240.52   485.49    40929.2   60006.8
1855732883   test2_20x10.txt                le 2 20   10   1669.53   1180.85   488.68    53686.6   60004.7
1858279865   test2_20x10.txt                le 2 20   10   1681.16   1152.88   528.28    53036.6   60005
1030105527   test2_20x2.txt                 le 2 20   2    3069.13   2984.99   84.14     8238.09   60855.9
141748002    test2_20x2.txt                 le 2 20   2    3069.13   2984.99   84.14     116.004   60152.6
1573756134   test2_20x2.txt                 le 2 20   2    3069.13   2984.99   84.14     4143.05   60458.1
1855732883   test2_20x2.txt                 le 2 20   2    3069.13   2984.99   84.14     4138.72   60490.7
1858279865   test2_20x2.txt                 le 2 20   2    3069.13   2984.99   84.14     12421.6   60357
1030105527   test2_20x5.txt                 le 2 20   5    7217.3    6286.54   930.76    60125.6   60127.9
141748002    test2_20x5.txt                 le 2 20   5    7133.37   6185.98   947.39    37495.2   60953.2
1573756134   test2_20x5.txt                 le 2 20   5    7124.72   6148.43   976.29    12529.4   61018.2
1855732883   test2_20x5.txt                 le 2 20   5    7161.28   6222.22   939.06    59168.9   60172.2
1858279865   test2_20x5.txt                 le 2 20   5    7150.32   6224.75   925.57    35371.7   60159.4
1030105527   test1_10x10.txt                lt 1 10   10   386.4     89.7      296.7     15617     60010
141748002    test1_10x10.txt                lt 1 10   10   375.71    143.52    232.19    6178.11   60002
1573756134   test1_10x10.txt                lt 1 10   10   375.71    143.52    232.19    4100.39   60001.9
1855732883   test1_10x10.txt                lt 1 10   10   374.2     137.09    237.11    9984.84   60001.6
1858279865   test1_10x10.txt                lt 1 10   10   395.24    137.53    257.71    5428.7    60001.7
1030105527   test1_10x2.txt                 lt 1 10   2    416.44    390.34    26.1      0.111     60137.9
141748002    test1_10x2.txt                 lt 1 10   2    416.44    390.34    26.1      326.486   60085.6
1573756134   test1_10x2.txt                 lt 1 10   2    416.44    390.34    26.1      0.069     60095.9
1855732883   test1_10x2.txt                 lt 1 10   2    416.44    390.34    26.1      171.809   60048.2
1858279865   test1_10x2.txt                 lt 1 10   2    416.44    390.34    26.1      3.602     60039.2
1030105527   test1_10x5.txt                 lt 1 10   5    175.08    57        118.08    4576.43   60298.6
141748002    test1_10x5.txt                 lt 1 10   5    176.83    57.5      119.33    1900.63   60001
1573756134   test1_10x5.txt                 lt 1 10   5    178.91    56.99     121.92    9000.29   60048.6
1855732883   test1_10x5.txt                 lt 1 10   5    176.83    57.5      119.33    1070.85   60000.9
1858279865   test1_10x5.txt                 lt 1 10   5    175.08    57        118.08    8375.08   60020
1030105527   test1_15x10.txt                lt 1 15   10   282.88    85.71     197.17    44753     60002.6
141748002    test1_15x10.txt                lt 1 15   10   288.08    96.2      191.88    39509.6   60003
1573756134   test1_15x10.txt                lt 1 15   10   279.99    85.18     194.81    39105.8   60002.5
1855732883   test1_15x10.txt                lt 1 15   10   277.24    87.44     189.8     17631.1   60635.3
1858279865   test1_15x10.txt                lt 1 15   10   287.84    94.62     193.22    54711     60002.5
1030105527   test1_15x2.txt                 lt 1 15   2    654.84    641.58    13.26     7.295     60077.1
141748002    test1_15x2.txt                 lt 1 15   2    654.84    641.58    13.26     0.742     60613.4
1573756134   test1_15x2.txt                 lt 1 15   2    654.84    641.58    13.26     7.21      60803.9
1855732883   test1_15x2.txt                 lt 1 15   2    654.84    641.58    13.26     0.69      60744.7
1858279865   test1_15x2.txt                 lt 1 15   2    654.84    641.58    13.26     4018.29   60041
1030105527   test1_15x5.txt                 lt 1 15   5    1276.05   1043.59   232.46    31363.8   60004.3
141748002    test1_15x5.txt                 lt 1 15   5    1316.08   1081.88   234.2     7882.64   60015.5
1573756134   test1_15x5.txt                 lt 1 15   5    1286.43   1055.06   231.37    33583.1   60063.6
1855732883   test1_15x5.txt                 lt 1 15   5    1281      1047.41   233.59    42160.8   60912.2
1858279865   test1_15x5.txt                 lt 1 15   5    1316.98   1080.93   236.05    27154.8   60016.2
1030105527   test1_20x10.txt                lt 1 20   10   4879.07   4593.64   285.43    48840.7   60005.2
141748002    test1_20x10.txt                lt 1 20   10   5410.21   5185.97   224.24    21690.8   60006
1573756134   test1_20x10.txt                lt 1 20   10   5086.82   4825.11   261.71    25400.6   60005.5
1855732883   test1_20x10.txt                lt 1 20   10   5393.08   5131.62   261.46    25042.9   60005.3
1858279865   test1_20x10.txt                lt 1 20   10   4977.8    4739.87   237.93    46592.4   60005.2
1030105527   test1_20x2.txt                 lt 1 20   2    1206.97   1104.92   102.05    12806.9   60627.3
141748002    test1_20x2.txt                 lt 1 20   2    1206.97   1104.92   102.05    11371.9   60543.2
1573756134   test1_20x2.txt                 lt 1 20   2    1203.88   1096.63   107.25    2843.24   60702.5
1855732883   test1_20x2.txt                 lt 1 20   2    1206.97   1104.92   102.05    12335.8   60243
1858279865   test1_20x2.txt                 lt 1 20   2    1206.97   1104.92   102.05    10701.1   60388.3
1030105527   test1_20x5.txt                 lt 1 20   5    2915      2557.82   357.18    43876.4   60402.6
141748002    test1_20x5.txt                 lt 1 20   5    3064.52   2747.13   317.39    26705.8   60314.5
1573756134   test1_20x5.txt                 lt 1 20   5    2934.72   2581.65   353.07    30835.9   60241.7
1855732883   test1_20x5.txt                 lt 1 20   5    3059.12   2727.55   331.57    17712.5   60003.8
1858279865   test1_20x5.txt                 lt 1 20   5    3222.86   2890.47   332.39    5801.28   60968.8
1030105527   test2_10x10.txt                lt 2 10   10   146.06    49.98     96.08     3360.71   60008.1
141748002    test2_10x10.txt                lt 2 10   10   144.94    52.98     91.96     1893.85   60001.6
1573756134   test2_10x10.txt                lt 2 10   10   146.06    49.98     96.08     3204.47   60001.7
1855732883   test2_10x10.txt                lt 2 10   10   144.94    52.98     91.96     3364.97   60099.9
1858279865   test2_10x10.txt                lt 2 10   10   146.06    49.98     96.08     1073.43   60004.7
1030105527   test2_10x2.txt                 lt 2 10   2    137.94    66.09     71.85     636.518   60265.7
141748002    test2_10x2.txt                 lt 2 10   2    137.94    66.09     71.85     355.758   60019.6
1573756134   test2_10x2.txt                 lt 2 10   2    137.94    66.09     71.85     131.236   60067.7
1855732883   test2_10x2.txt                 lt 2 10   2    137.94    66.09     71.85     415.629   60325.7
1858279865   test2_10x2.txt                 lt 2 10   2    137.94    66.09     71.85     461.457   60391.5
1030105527   test2_10x5.txt                 lt 2 10   5    485.06    440.51    44.55     19882.5   60001.1
141748002    test2_10x5.txt                 lt 2 10   5    485.06    440.51    44.55     3639.97   60006.2
1573756134   test2_10x5.txt                 lt 2 10   5    485.06    440.51    44.55     53386.9   60001
1855732883   test2_10x5.txt                 lt 2 10   5    485.06    440.51    44.55     19408.7   60001.1
1858279865   test2_10x5.txt                 lt 2 10   5    485.06    440.51    44.55     40398.3   60001.4
1030105527   test2_15x10.txt                lt 2 15   10   599.9     248.89    351.01    52068.4   60002.8
141748002    test2_15x10.txt                lt 2 15   10   598.27    286.7     311.57    10301.4   60003.1
1573756134   test2_15x10.txt                lt 2 15   10   643.52    258.97    384.55    10772.7   60002.5
1855732883   test2_15x10.txt                lt 2 15   10   593.11    266.41    326.7     5518.06   60002.7
1858279865   test2_15x10.txt                lt 2 15   10   583.23    278.8     304.43    18961.8   60002.6
1030105527   test2_15x2.txt                 lt 2 15   2    279.71    133.52    146.19    11742.8   60711
141748002    test2_15x2.txt                 lt 2 15   2    279.71    133.52    146.19    59715.3   60061.2
1573756134   test2_15x2.txt                 lt 2 15   2    279.71    133.52    146.19    3759.29   60864.3
1855732883   test2_15x2.txt                 lt 2 15   2    279.71    133.52    146.19    14299.7   60570.5
1858279865   test2_15x2.txt                 lt 2 15   2    279.71    133.52    146.19    7064.16   60593.4
1030105527   test2_15x5.txt                 lt 2 15   5    328.13    120.21    207.92    23859.9   60651.2
141748002    test2_15x5.txt                 lt 2 15   5    330.85    112.26    218.59    51976.3   60127.6
1573756134   test2_15x5.txt                 lt 2 15   5    365.86    96.19     269.67    8338.02   60577.7
1855732883   test2_15x5.txt                 lt 2 15   5    328.7     122.83    205.87    21357.8   60232.6
1858279865   test2_15x5.txt                 lt 2 15   5    328.7     122.83    205.87    33678     60125.7
1030105527   test2_20x10.txt                lt 2 20   10   1488.12   594.58    893.54    58659.2   60004.6
141748002    test2_20x10.txt                lt 2 20   10   1551.89   554.63    997.26    53056.1   60460.8
1573756134   test2_20x10.txt                lt 2 20   10   1557.85   565.93    991.92    59050.1   60005.1
1855732883   test2_20x10.txt                lt 2 20   10   1534.62   523.84    1010.78   27093.2   60072
1858279865   test2_20x10.txt                lt 2 20   10   1574.87   512.57    1062.3    49542     60333.9
1030105527   test2_20x2.txt                 lt 2 20   2    769.35    721.35    48        56476.9   60875.5
141748002    test2_20x2.txt                 lt 2 20   2    772.85    733.15    39.7      9490.34   60587.5
1573756134   test2_20x2.txt                 lt 2 20   2    772.85    733.15    39.7      5084.8    60571.4
1855732883   test2_20x2.txt                 lt 2 20   2    772.85    733.15    39.7      5324.35   60808.3
1858279865   test2_20x2.txt                 lt 2 20   2    772.85    733.15    39.7      9917.24   60704.2
1030105527   test2_20x5.txt                 lt 2 20   5    3862.93   3770.91   92.02     16205.4   60002.6
141748002    test2_20x5.txt                 lt 2 20   5    3655.65   3565.28   90.37     37787.7   60003.7
1573756134   test2_20x5.txt                 lt 2 20   5    3762.28   3677.26   85.02     30833.2   60081.9
1855732883   test2_20x5.txt                 lt 2 20   5    3738.11   3640.9    97.21     51907.4   60410
1858279865   test2_20x5.txt                 lt 2 20   5    3953.7    3869.63   84.07     60000.1   60002
1030105527   test1_10x10.txt                te 1 10   10   1276.23   989.86    286.37    1341.76   60002.1
141748002    test1_10x10.txt                te 1 10   10   1307.44   991       316.44    1480.59   60002.3
1573756134   test1_10x10.txt                te 1 10   10   1281.66   904.67    376.99    25812.1   60002.1
1855732883   test1_10x10.txt                te 1 10   10   1301.46   958.07    343.39    1444.71   60002.7
1858279865   test1_10x10.txt                te 1 10   10   1276.23   989.86    286.37    6041.99   60002.3
1030105527   test1_10x2.txt                 te 1 10   2    461.96    379.78    82.18     4320.43   60407.8
141748002    test1_10x2.txt                 te 1 10   2    461.96    379.78    82.18     2021.41   60619.9
1573756134   test1_10x2.txt                 te 1 10   2    461.96    379.78    82.18     1672.9    60061.4
1855732883   test1_10x2.txt                 te 1 10   2    461.96    379.78    82.18     2641.71   60427.5
1858279865   test1_10x2.txt                 te 1 10   2    461.96    379.78    82.18     1619.54   60411.6
1030105527   test1_10x5.txt                 te 1 10   5    690.29    418.16    272.13    12724.1   60039.3
141748002    test1_10x5.txt                 te 1 10   5    690.29    418.16    272.13    661.259   60053.9
1573756134   test1_10x5.txt                 te 1 10   5    689.11    414.1     275.01    197.069   60002.3
1855732883   test1_10x5.txt                 te 1 10   5    690.29    418.16    272.13    5611.37   60030.4
1858279865   test1_10x5.txt                 te 1 10   5    690.29    418.16    272.13    2817.07   60045.2
1030105527   test1_15x10.txt                te 1 15   10   6988.45   6933.69   54.76     22508.4   60003.1
141748002    test1_15x10.txt                te 1 15   10   6839.56   6782.1    57.46     28681.8   60003.9
1573756134   test1_15x10.txt                te 1 15   10   6582.59   6525.13   57.46     12457.6   60003.4
1855732883   test1_15x10.txt                te 1 15   10   6582.59   6525.13   57.46     40388.8   60004
1858279865   test1_15x10.txt                te 1 15   10   6628.28   6570.82   57.46     56244.6   60005.9
1030105527   test1_15x2.txt                 te 1 15   2    3344.54   3291.15   53.39     1241.21   60520.1
141748002    test1_15x2.txt                 te 1 15   2    3344.54   3291.15   53.39     7156.81   60823.7
1573756134   test1_15x2.txt                 te 1 15   2    3344.54   3291.15   53.39     1033.59   60060.9
1855732883   test1_15x2.txt                 te 1 15   2    3344.54   3291.15   53.39     10255.7   60845.5
1858279865   test1_15x2.txt                 te 1 15   2    3344.54   3291.15   53.39     8197.35   60954.2
1030105527   test1_15x5.txt                 te 1 15   5    1318.68   1092.34   226.34    2620.87   60001.7
141748002    test1_15x5.txt                 te 1 15   5    1318.68   1092.34   226.34    7354.48   60001.8
1573756134   test1_15x5.txt                 te 1 15   5    1318.68   1092.34   226.34    50244     60002.1
1855732883   test1_15x5.txt                 te 1 15   5    1318.68   1092.34   226.34    15444.2   60001.7
1858279865   test1_15x5.txt                 te 1 15   5    1318.68   1092.34   226.34    2580.54   60053.4
1030105527   test1_20x10.txt                te 1 20   10   10983.5   10623.6   359.92    32051.2   60004.7
141748002    test1_20x10.txt                te 1 20   10   10792.4   10442.8   349.55    28222.1   60027.7
1573756134   test1_20x10.txt                te 1 20   10   10729.7   10263.3   466.37    49382.3   60005.1
1855732883   test1_20x10.txt                te 1 20   10   10678.3   10246.4   431.89    55134.1   60005.2
1858279865   test1_20x10.txt                te 1 20   10   11194.7   10748.9   445.8     53318.5   60007.1
1030105527   test1_20x2.txt                 te 1 20   2    1933.72   1929.76   3.96      33355.4   60154.2
141748002    test1_20x2.txt                 te 1 20   2    1937.49   1933.53   3.96      7366.82   60001
1573756134   test1_20x2.txt                 te 1 20   2    1933.72   1929.76   3.96      25403.5   60711.8
1855732883   test1_20x2.txt                 te 1 20   2    1933.72   1929.76   3.96      14467.2   60598
1858279865   test1_20x2.txt                 te 1 20   2    1937.49   1933.53   3.96      11486.8   60868.7
1030105527   test1_20x5.txt                 te 1 20   5    2891.5    1657.6    1233.9    7841.63   60101.3
141748002    test1_20x5.txt                 te 1 20   5    2835.53   1632.75   1202.78   45515.2   60131.2
1573756134   test1_20x5.txt                 te 1 20   5    2834.81   1676.57   1158.24   23782.6   60002.4
1855732883   test1_20x5.txt                 te 1 20   5    2880.58   1787.37   1093.21   42439.7   60244.2
1858279865   test1_20x5.txt                 te 1 20   5    2976.38   1597.16   1379.22   21891.2   60335.8
1030105527   test2_10x10.txt                te 2 10   10   1873.64   1064.02   809.62    8646.99   60002
141748002    test2_10x10.txt                te 2 10   10   1864.55   1083.48   781.07    14744.7   60002
1573756134   test2_10x10.txt                te 2 10   10   1872.17   994.2     877.97    3688.92   60002.9
1855732883   test2_10x10.txt                te 2 10   10   1863.91   1071.49   792.42    18451.1   60002.4
1858279865   test2_10x10.txt                te 2 10   10   1873.64   1064.02   809.62    18856.1   60002.2
1030105527   test2_10x2.txt                 te 2 10   2    448.32    436.29    12.03     4.278     60123.4
141748002    test2_10x2.txt                 te 2 10   2    448.32    436.29    12.03     706.387   60268.3
1573756134   test2_10x2.txt                 te 2 10   2    448.32    436.29    12.03     587.963   60051
1855732883   test2_10x2.txt                 te 2 10   2    448.32    436.29    12.03     348.984   60086.4
1858279865   test2_10x2.txt                 te 2 10   2    448.32    436.29    12.03     287.171   60038.4
1030105527   test2_10x5.txt                 te 2 10   5    763.24    695.79    67.45     552.251   60013.3
141748002    test2_10x5.txt                 te 2 10   5    763.24    695.79    67.45     14428.9   60022
1573756134   test2_10x5.txt                 te 2 10   5    763.24    695.79    67.45     26658.7   60001.1
1855732883   test2_10x5.txt                 te 2 10   5    763.24    695.79    67.45     596.441   60001.2
1858279865   test2_10x5.txt                 te 2 10   5    763.24    695.79    67.45     511.56    60001.2
1030105527   test2_15x10.txt                te 2 15   10   4748.16   3627.01   1121.15   7053.58   60004.4
141748002    test2_15x10.txt                te 2 15   10   4791.9    3690.38   1101.52   8530.87   60003.9
1573756134   test2_15x10.txt                te 2 15   10   4833.6    3701.26   1132.34   5836.41   60004.3
1855732883   test2_15x10.txt                te 2 15   10   4672.17   3436.95   1235.22   55316     60003.8
1858279865   test2_15x10.txt                te 2 15   10   4688.81   3396      1292.81   48022.4   60005.3
1030105527   test2_15x2.txt                 te 2 15   2    1479.76   1465.94   13.82     1041.87   60092
141748002    test2_15x2.txt                 te 2 15   2    1479.76   1465.94   13.82     5098.38   60068.7
1573756134   test2_15x2.txt                 te 2 15   2    1479.76   1465.94   13.82     3255.01   60813.7
1855732883   test2_15x2.txt                 te 2 15   2    1479.76   1465.94   13.82     3218.03   60431.1
1858279865   test2_15x2.txt                 te 2 15   2    1479.76   1465.94   13.82     3180.3    60171.1
1030105527   test2_15x5.txt                 te 2 15   5    2621.35   2468.99   152.36    30861.4   60123.2
141748002    test2_15x5.txt                 te 2 15   5    2646.57   2518.87   127.7     6393.93   60001.7
1573756134   test2_15x5.txt                 te 2 15   5    2626.67   2511.9    114.77    42534.7   60068.3
1855732883   test2_15x5.txt                 te 2 15   5    2643.84   2516.14   127.7     56872.1   60002.1
1858279865   test2_15x5.txt                 te 2 15   5    2643.84   2516.14   127.7     2556.75   60008.7
1030105527   test2_20x10.txt                te 2 20   10   7131.8    4265.78   2866.02   59569.2   60008.7
141748002    test2_20x10.txt                te 2 20   10   7288.45   4008.13   3280.32   51531.6   60006.9
1573756134   test2_20x10.txt                te 2 20   10   7326.38   3859.3    3467.08   60000.3   60005.6
1855732883   test2_20x10.txt                te 2 20   10   7140.74   3960.18   3180.56   42838.5   60005.9
1858279865   test2_20x10.txt                te 2 20   10   7252.26   4187.43   3064.83   40882.1   61005.4
1030105527   test2_20x2.txt                 te 2 20   2    948.01    888.26    59.75     14268.6   60011.1
141748002    test2_20x2.txt                 te 2 20   2    941.69    896.72    44.97     15446.5   60865.3
1573756134   test2_20x2.txt                 te 2 20   2    948.01    888.26    59.75     22483.5   60617.6
1855732883   test2_20x2.txt                 te 2 20   2    941.69    896.72    44.97     38338     60227.8
1858279865   test2_20x2.txt                 te 2 20   2    948.01    888.26    59.75     24099.9   60108.4
1030105527   test2_20x5.txt                 te 2 20   5    6740.23   6702.16   38.07     49727.6   60333.8
141748002    test2_20x5.txt                 te 2 20   5    6624.43   6586.36   38.07     30931.9   60003.8
1573756134   test2_20x5.txt                 te 2 20   5    6613.74   6577.61   36.13     36949.9   60002.1
1855732883   test2_20x5.txt                 te 2 20   5    6803.05   6772      31.05     14723.2   60667.3
1858279865   test2_20x5.txt                 te 2 20   5    6636.1    6596.28   39.82     57906     60002.1
1030105527   test1_10x10.txt                tt 1 10   10   687.59    307.28    380.31    20571.7   60055.7
141748002    test1_10x10.txt                tt 1 10   10   668.14    259.95    408.19    45678     60028
1573756134   test1_10x10.txt                tt 1 10   10   669.93    286.25    383.68    3429.91   60001.9
1855732883   test1_10x10.txt                tt 1 10   10   669.31    259.95    409.36    1854.22   60001.9
1858279865   test1_10x10.txt                tt 1 10   10   669.31    259.95    409.36    30282     60022.5
1030105527   test1_10x2.txt                 tt 1 10   2    179.46    137.72    41.74     1677.44   60280.6
141748002    test1_10x2.txt                 tt 1 10   2    179.46    137.72    41.74     33.911    60360.2
1573756134   test1_10x2.txt                 tt 1 10   2    179.46    137.72    41.74     1092.85   60001.7
1855732883   test1_10x2.txt                 tt 1 10   2    179.46    137.72    41.74     4.195     60006.9
1858279865   test1_10x2.txt                 tt 1 10   2    179.46    137.72    41.74     2.1       60559.2
1030105527   test1_10x5.txt                 tt 1 10   5    390.9     127.31    263.59    11022.3   60001.3
141748002    test1_10x5.txt                 tt 1 10   5    386.57    119.65    266.92    4498.34   60000.9
1573756134   test1_10x5.txt                 tt 1 10   5    389.58    100.82    288.76    2577.46   60057.1
1855732883   test1_10x5.txt                 tt 1 10   5    387.3     130.2     257.1     7878.42   60001.1
1858279865   test1_10x5.txt                 tt 1 10   5    389.63    121.94    267.69    1911.53   60063.7
1030105527   test1_15x10.txt                tt 1 15   10   837.09    153.35    683.74    14037     60003.3
141748002    test1_15x10.txt                tt 1 15   10   839.36    293.39    545.97    29701.6   60037.8
1573756134   test1_15x10.txt                tt 1 15   10   781.5     207.19    574.31    25973.1   60003.5
1855732883   test1_15x10.txt                tt 1 15   10   812.57    258.6     553.97    58072.7   60004.7
1858279865   test1_15x10.txt                tt 1 15   10   801.2     203.3     597.9     39059.7   60034
1030105527   test1_15x2.txt                 tt 1 15   2    790.5     730.17    60.33     2192.52   60798.3
141748002    test1_15x2.txt                 tt 1 15   2    790.5     730.17    60.33     7146.12   60158.8
1573756134   test1_15x2.txt                 tt 1 15   2    790.5     730.17    60.33     9483.67   60223
1855732883   test1_15x2.txt                 tt 1 15   2    790.5     730.17    60.33     5240.82   60537.6
1858279865   test1_15x2.txt                 tt 1 15   2    790.5     730.17    60.33     14642.4   60132.6
1030105527   test1_15x5.txt                 tt 1 15   5    1421.14   1329.11   92.03     8513.41   60001.6
141748002    test1_15x5.txt                 tt 1 15   5    1421.14   1329.11   92.03     7576.13   60006.7
1573756134   test1_15x5.txt                 tt 1 15   5    1421.14   1329.11   92.03     291.07    60078.2
1855732883   test1_15x5.txt                 tt 1 15   5    1421.14   1329.11   92.03     1116.49   60114.6
1858279865   test1_15x5.txt                 tt 1 15   5    1421.14   1329.11   92.03     10310.8   60001.6
1030105527   test1_20x10.txt                tt 1 20   10   4430.88   3922.69   508.19    58369.9   60048.3
141748002    test1_20x10.txt                tt 1 20   10   4769.76   4292.75   477.01    46961.8   60005.8
1573756134   test1_20x10.txt                tt 1 20   10   4607.46   4121.4    486.06    20480     60004.9
1855732883   test1_20x10.txt                tt 1 20   10   4621.78   4144.89   476.89    39447.4   60006.2
1858279865   test1_20x10.txt                tt 1 20   10   4824.96   4346.69   478.27    10504.3   60005.9
1030105527   test1_20x2.txt                 tt 1 20   2    1671.87   1614.02   57.85     27958     60664.2
141748002    test1_20x2.txt                 tt 1 20   2    1671.87   1614.02   57.85     14073     60688.3
1573756134   test1_20x2.txt                 tt 1 20   2    1672.33   1614.48   57.85     22782.7   60034.3
1855732883   test1_20x2.txt                 tt 1 20   2    1671.87   1614.02   57.85     4148.9    60111.3
1858279865   test1_20x2.txt                 tt 1 20   2    1671.87   1614.02   57.85     22400.7   60334
1030105527   test1_20x5.txt                 tt 1 20   5    3678.46   3610.27   68.19     57721     60562.8
141748002    test1_20x5.txt                 tt 1 20   5    3648.93   3570.56   78.37     23865.2   60502.6
1573756134   test1_20x5.txt                 tt 1 20   5    3678.24   3616.75   61.49     42564     60168.9
1855732883   test1_20x5.txt                 tt 1 20   5    3707.55   3646.26   61.29     30977.8   60630.5
1858279865   test1_20x5.txt                 tt 1 20   5    3663.92   3584.39   79.53     34180.2   60673.2
1030105527   test2_10x10.txt                tt 2 10   10   787.51    372.56    414.95    12091.1   60030.3
141748002    test2_10x10.txt                tt 2 10   10   825.36    446.33    379.03    16243.9   60020.6
1573756134   test2_10x10.txt                tt 2 10   10   791.22    420.23    370.99    4670.65   60002
1855732883   test2_10x10.txt                tt 2 10   10   804.69    494.47    310.22    15879.2   60002
1858279865   test2_10x10.txt                tt 2 10   10   785.5     449.74    335.76    14251.5   60001.9
1030105527   test2_10x2.txt                 tt 2 10   2    145.37    65.75     79.62     44.722    60440.9
141748002    test2_10x2.txt                 tt 2 10   2    145.37    65.75     79.62     939.443   60152.9
1573756134   test2_10x2.txt                 tt 2 10   2    145.37    65.75     79.62     1101.05   60594.7
1855732883   test2_10x2.txt                 tt 2 10   2    145.37    65.75     79.62     1088.3    60041.1
1858279865   test2_10x2.txt                 tt 2 10   2    145.37    65.75     79.62     3961.34   60000.7
1030105527   test2_10x5.txt                 tt 2 10   5    627.64    523.44    104.2     2681.58   60031
141748002    test2_10x5.txt                 tt 2 10   5    627.64    523.44    104.2     16172.5   60016
1573756134   test2_10x5.txt                 tt 2 10   5    627.64    523.44    104.2     19944.8   60001
1855732883   test2_10x5.txt                 tt 2 10   5    627.64    523.44    104.2     12019.2   60007.8
1858279865   test2_10x5.txt                 tt 2 10   5    627.64    523.44    104.2     19893.6   60010.8
1030105527   test2_15x10.txt                tt 2 15   10   1140.85   600.2     540.65    30925.2   60004
141748002    test2_15x10.txt                tt 2 15   10   1149.43   565.09    584.34    52977.1   60004
1573756134   test2_15x10.txt                tt 2 15   10   1171.52   605.22    566.3     15990     60003.6
1855732883   test2_15x10.txt                tt 2 15   10   1172.58   600.1     572.48    35033.5   60003.7
1858279865   test2_15x10.txt                tt 2 15   10   1140.85   600.2     540.65    1738.73   60039.8
1030105527   test2_15x2.txt                 tt 2 15   2    905.37    893.59    11.78     1081.76   60794.6
141748002    test2_15x2.txt                 tt 2 15   2    905.37    893.59    11.78     1028.08   60667.5
1573756134   test2_15x2.txt                 tt 2 15   2    905.37    893.59    11.78     5.539     60076.8
1855732883   test2_15x2.txt                 tt 2 15   2    905.37    893.59    11.78     1288.87   60163.1
1858279865   test2_15x2.txt                 tt 2 15   2    905.37    893.59    11.78     2513.25   60970
1030105527   test2_15x5.txt                 tt 2 15   5    677.57    391.82    285.75    1247.39   60001.8
141748002    test2_15x5.txt                 tt 2 15   5    688.1     404.51    283.59    2054.72   60039.2
1573756134   test2_15x5.txt                 tt 2 15   5    683.93    394.79    289.14    19413.8   60041.7
1855732883   test2_15x5.txt                 tt 2 15   5    689.39    397.33    292.06    10930.6   60051.6
1858279865   test2_15x5.txt                 tt 2 15   5    679.41    396.08    283.33    49404.2   60021.1
1030105527   test2_20x10.txt                tt 2 20   10   3315.32   1478.69   1836.63   21679.2   60005.6
141748002    test2_20x10.txt                tt 2 20   10   3199.62   1315.32   1884.3    59708.6   60005
1573756134   test2_20x10.txt                tt 2 20   10   3305.22   1331.22   1974      60000     60005
1855732883   test2_20x10.txt                tt 2 20   10   3550.58   1537.49   2013.09   48777.8   60005.9
1858279865   test2_20x10.txt                tt 2 20   10   3315.19   1372.09   1943.1    28935.9   60150.7
1030105527   test2_20x2.txt                 tt 2 20   2    1448.66   1227.93   220.73    11471.1   60722.5
141748002    test2_20x2.txt                 tt 2 20   2    1448.66   1227.93   220.73    5171.68   60095.6
1573756134   test2_20x2.txt                 tt 2 20   2    1448.66   1227.93   220.73    2995.88   60874.8
1855732883   test2_20x2.txt                 tt 2 20   2    1448.66   1227.93   220.73    14811.4   60152.6
1858279865   test2_20x2.txt                 tt 2 20   2    1456.36   1250.86   205.5     11706.9   60444.4
1030105527   test2_20x5.txt                 tt 2 20   5    1787.42   1146.13   641.29    53969     60330.1
141748002    test2_20x5.txt                 tt 2 20   5    1815.43   1181.9    633.53    23615.4   60356.2
1573756134   test2_20x5.txt                 tt 2 20   5    1810.9    1144.74   666.16    48073     60348
1855732883   test2_20x5.txt                 tt 2 20   5    1811.82   1178.29   633.53    29852.4   60966.7
1858279865   test2_20x5.txt                 tt 2 20   5    1819.68   1176.11   643.57    22234.4   60158.5
