1030105527   test1_10x10.txt                le 1 10   10   364.39    186.42    177.97    8951.11   60001.6
141748002    test1_10x10.txt                le 1 10   10   371.29    151.78    219.51    19957.6   60001.6
1573756134   test1_10x10.txt                le 1 10   10   364.59    162.78    201.81    42262.3   60002.6
1855732883   test1_10x10.txt                le 1 10   10   364.39    186.42    177.97    10068     60001.6
1858279865   test1_10x10.txt                le 1 10   10   391.67    221.72    169.95    24840.2   60002
1030105527   test1_10x2.txt                 le 1 10   2    224.84    185.19    39.65     0.459     60359
141748002    test1_10x2.txt                 le 1 10   2    224.84    185.19    39.65     1.715     60752.7
1573756134   test1_10x2.txt                 le 1 10   2    224.84    185.19    39.65     1.694     60313.6
1855732883   test1_10x2.txt                 le 1 10   2    224.84    185.19    39.65     891.878   60310.3
1858279865   test1_10x2.txt                 le 1 10   2    224.84    185.19    39.65     1.164     60710.6
1030105527   test1_10x5.txt                 le 1 10   5    1743.64   1659.44   84.2      39891.1   60502.8
141748002    test1_10x5.txt                 le 1 10   5    1743.64   1659.44   84.2      24081.1   60008.3
1573756134   test1_10x5.txt                 le 1 10   5    1743.64   1659.44   84.2      21329.9   60628.4
1855732883   test1_10x5.txt                 le 1 10   5    1743.64   1659.44   84.2      2103.74   60006.1
1858279865   test1_10x5.txt                 le 1 10   5    1738.05   1653.85   84.2      1281.65   60429.4
1030105527   test1_15x10.txt                le 1 15   10   950.15    517.95    432.2     34787.6   60002.8
141748002    test1_15x10.txt                le 1 15   10   951.17    496.66    454.51    10131.4   60002.9
1573756134   test1_15x10.txt                le 1 15   10   945.41    577.87    367.54    20086     60003
1855732883   test1_15x10.txt                le 1 15   10   945.41    577.87    367.54    33218.2   60003.7
1858279865   test1_15x10.txt                le 1 15   10   927.3     464.17    463.13    49514.6   60002.9
1030105527   test1_15x2.txt                 le 1 15   2    1041.7    1011.66   30.04     4824.2    60392.9
141748002    test1_15x2.txt                 le 1 15   2    1041.33   1017.4    23.93     13260.7   60299.7
1573756134   test1_15x2.txt                 le 1 15   2    1041.33   1017.4    23.93     5827.34   60029.5
1855732883   test1_15x2.txt                 le 1 15   2    1041.33   1017.4    23.93     39590.7   60018.2
1858279865   test1_15x2.txt                 le 1 15   2    1041.33   1017.4    23.93     22274.8   60394.3
1030105527   test1_15x5.txt                 le 1 15   5    3294.13   2998.42   295.71    59288.2   60002.4
141748002    test1_15x5.txt                 le 1 15   5    3274.99   3016.94   258.05    49737     60001.7
1573756134   test1_15x5.txt                 le 1 15   5    3196.85   2935.56   261.29    26352     60001.9
1855732883   test1_15x5.txt                 le 1 15   5    3196.85   2935.56   261.29    4713.22   60431.7
1858279865   test1_15x5.txt                 le 1 15   5    3196.85   2935.56   261.29    6752.46   60001.9
1030105527   test1_20x10.txt                le 1 20   10   4699.72   3126.75   1572.97   60000.2   60006.2
141748002    test1_20x10.txt                le 1 20   10   5017.14   3423.97   1593.17   26083.7   60005.2
1573756134   test1_20x10.txt                le 1 20   10   4853.08   3207.21   1645.87   51820.1   60005.2
1855732883   test1_20x10.txt                le 1 20   10   4541.25   2910.06   1631.19   44609.1   60007.6
1858279865   test1_20x10.txt                le 1 20   10   4770.92   3064.54   1706.38   59141.6   60005.5
1030105527   test1_20x2.txt                 le 1 20   2    2548.95   2528.89   20.06     20961.8   60898.1
141748002    test1_20x2.txt                 le 1 20   2    2548.95   2528.89   20.06     52174.4   60378.3
1573756134   test1_20x2.txt                 le 1 20   2    2548.95   2528.89   20.06     34511.7   60401.7
1855732883   test1_20x2.txt                 le 1 20   2    2551.36   2531.3    20.06     20440.8   60648.6
1858279865   test1_20x2.txt                 le 1 20   2    2547.68   2527.62   20.06     33786.3   60420.5
1030105527   test1_20x5.txt                 le 1 20   5    7688.5    7353.25   335.25    18868.3   60002.4
141748002    test1_20x5.txt                 le 1 20   5    7604.69   7204.09   400.6     12112.6   60019.7
1573756134   test1_20x5.txt                 le 1 20   5    7864.58   7535.73   328.85    57860.3   60002.1
1855732883   test1_20x5.txt                 le 1 20   5    7605.25   7220.57   384.68    17567.3   60431.4
1858279865   test1_20x5.txt                 le 1 20   5    7690.23   7379.06   311.17    34195.2   60310.4
1030105527   test2_10x10.txt                le 2 10   10   249.85    104.01    145.84    16971.5   60001.6
141748002    test2_10x10.txt                le 2 10   10   255.13    112.48    142.65    22067.4   60001.6
1573756134   test2_10x10.txt                le 2 10   10   249.85    104.01    145.84    20408.5   60032.8
1855732883   test2_10x10.txt                le 2 10   10   249.85    104.01    145.84    32704.2   60001.8
1858279865   test2_10x10.txt                le 2 10   10   251.86    116.46    135.4     33438.4   60001.9
1030105527   test2_10x2.txt                 le 2 10   2    319.37    157.16    162.21    949.437   60093.8
141748002    test2_10x2.txt                 le 2 10   2    319.37    157.16    162.21    98.512    60215
1573756134   test2_10x2.txt                 le 2 10   2    324.43    179.18    145.25    799.982   60170.3
1855732883   test2_10x2.txt                 le 2 10   2    324.43    179.18    145.25    1546.27   60234.2
1858279865   test2_10x2.txt                 le 2 10   2    319.37    157.16    162.21    594.858   60724.7
1030105527   test2_10x5.txt                 le 2 10   5    989.05    662.67    326.38    1296.38   60006.3
141748002    test2_10x5.txt                 le 2 10   5    971.96    718.98    252.98    1369.22   60001
1573756134   test2_10x5.txt                 le 2 10   5    967.73    641.05    326.68    781.705   60012.2
1855732883   test2_10x5.txt                 le 2 10   5    971.96    718.98    252.98    1641.17   60013.8
1858279865   test2_10x5.txt                 le 2 10   5    976.28    814.76    161.52    3560.31   60001.2
1030105527   test2_15x10.txt                le 2 15   10   1488.51   670.49    818.02    52506.7   60002.8
141748002    test2_15x10.txt                le 2 15   10   1552.17   761.93    790.24    30153.1   60003.1
1573756134   test2_15x10.txt                le 2 15   10   1529.94   635.2     894.74    57536.3   60002.9
1855732883   test2_15x10.txt                le 2 15   10   1584      659.21    924.79    40620.9   60003.1
1858279865   test2_15x10.txt                le 2 15   10   1539.14   745.93    793.21    35963.5   60004.6
1030105527   test2_15x2.txt                 le 2 15   2    505.16    318.92    186.24    7136.02   60800.5
141748002    test2_15x2.txt                 le 2 15   2    505.16    318.92    186.24    3266.26   60091.3
1573756134   test2_15x2.txt                 le 2 15   2    515.74    370.54    145.2     1963.18   60655
1855732883   test2_15x2.txt                 le 2 15   2    505.16    318.92    186.24    5468.31   60033.2
1858279865   test2_15x2.txt                 le 2 15   2    497.97    340.91    157.06    11811.6   60113.7
1030105527   test2_15x5.txt                 le 2 15   5    3288.27   2568.04   720.23    13210.4   60087
141748002    test2_15x5.txt                 le 2 15   5    3283.43   2672.9    610.53    2092.89   60383.7
1573756134   test2_15x5.txt                 le 2 15   5    3283.43   2672.9    610.53    5156.03   60349.1
1855732883   test2_15x5.txt                 le 2 15   5    3290.7    2680.17   610.53    9383.52   60646.9
1858279865   test2_15x5.txt                 le 2 15   5    3286.63   2563.11   723.52    2411.84   60001.8
1030105527   test2_20x10.txt                le 2 20   10   1702.53   1144.18   558.35    44842.9   60004.5
141748002    test2_20x10.txt                le 2 20   10   1811.49   1354.73   456.76    60147.9   60152.3
1573756134   test2_20x10.txt                le 2 20   10   1742.24   1199.08   543.16    58055.8   60004.4
1855732883   test2_20x10.txt                le 2 20   10   1718.26   1195.13   523.13    17448     60005.1
1858279865   test2_20x10.txt                le 2 20   10   1725.99   1153.99   572       33539.5   60005.5
1030105527   test2_20x2.txt                 le 2 20   2    3070.25   2986.11   84.14     15550.4   60422.4
141748002    test2_20x2.txt                 le 2 20   2    3069.13   2984.99   84.14     21166.3   60096.9
1573756134   test2_20x2.txt                 le 2 20   2    3069.13   2984.99   84.14     12683.3   60724
1855732883   test2_20x2.txt                 le 2 20   2    3069.13   2984.99   84.14     1083.53   60773.8
1858279865   test2_20x2.txt                 le 2 20   2    3069.13   2984.99   84.14     28.023    60780.5
1030105527   test2_20x5.txt                 le 2 20   5    7036.17   6102.55   933.62    32186.4   60595.9
141748002    test2_20x5.txt                 le 2 20   5    7049.68   6200.65   849.03    8821.94   60009.6
1573756134   test2_20x5.txt                 le 2 20   5    7281.69   6272.88   1008.81   18398.8   60003.7
1855732883   test2_20x5.txt                 le 2 20   5    7533.1    6672.2    860.9     28867.8   60002.4
1858279865   test2_20x5.txt                 le 2 20   5    7110.47   6157.03   953.44    24996.4   60279.4
1030105527   test1_10x10.txt                lt 1 10   10   386.4     89.7      296.7     15756.8   60002.2
141748002    test1_10x10.txt                lt 1 10   10   375.71    143.52    232.19    43582     60002.1
1573756134   test1_10x10.txt                lt 1 10   10   375.71    143.52    232.19    19290.7   60017.8
1855732883   test1_10x10.txt                lt 1 10   10   375.71    143.52    232.19    6709.54   60001.9
1858279865   test1_10x10.txt                lt 1 10   10   395.24    137.53    257.71    8306.72   60001.7
1030105527   test1_10x2.txt                 lt 1 10   2    416.44    390.34    26.1      0.117     60215.2
141748002    test1_10x2.txt                 lt 1 10   2    416.44    390.34    26.1      0.501     60129.4
1573756134   test1_10x2.txt                 lt 1 10   2    416.44    390.34    26.1      0.076     60228.9
1855732883   test1_10x2.txt                 lt 1 10   2    416.44    390.34    26.1      1.465     60102.6
1858279865   test1_10x2.txt                 lt 1 10   2    416.44    390.34    26.1      0.461     60186.4
1030105527   test1_10x5.txt                 lt 1 10   5    182.12    56.03     126.09    2518.99   60001
141748002    test1_10x5.txt                 lt 1 10   5    178.91    56.99     121.92    2588.4    60073.8
1573756134   test1_10x5.txt                 lt 1 10   5    175.08    57        118.08    9094.49   60031.3
1855732883   test1_10x5.txt                 lt 1 10   5    175.08    57        118.08    2145.12   60001
1858279865   test1_10x5.txt                 lt 1 10   5    176.83    57.5      119.33    4436.25   60069.8
1030105527   test1_15x10.txt                lt 1 15   10   287.88    93.21     194.67    47683.3   60437.9
141748002    test1_15x10.txt                lt 1 15   10   282.23    91.32     190.91    38856.4   60002.3
1573756134   test1_15x10.txt                lt 1 15   10   284.52    76.47     208.05    28964.3   60002.4
1855732883   test1_15x10.txt                lt 1 15   10   277.25    88.77     188.48    57710.2   60002.6
1858279865   test1_15x10.txt                lt 1 15   10   278.99    103.28    175.71    32949.1   60003.1
1030105527   test1_15x2.txt                 lt 1 15   2    654.84    641.58    13.26     1161.77   60131.2
141748002    test1_15x2.txt                 lt 1 15   2    654.84    641.58    13.26     4143.13   60800.3
1573756134   test1_15x2.txt                 lt 1 15   2    654.84    641.58    13.26     2076.34   60726.1
1855732883   test1_15x2.txt                 lt 1 15   2    654.84    641.58    13.26     0.571     60760.9
1858279865   test1_15x2.txt                 lt 1 15   2    654.84    641.58    13.26     2086.29   60222
1030105527   test1_15x5.txt                 lt 1 15   5    1283.29   1048.92   234.37    42288.5   60034.3
141748002    test1_15x5.txt                 lt 1 15   5    1285.85   1050.47   235.38    31087.8   60613.3
1573756134   test1_15x5.txt                 lt 1 15   5    1287.43   1051.01   236.42    38053.9   60001.9
1855732883   test1_15x5.txt                 lt 1 15   5    1282.51   1048.92   233.59    6580.98   60124.7
1858279865   test1_15x5.txt                 lt 1 15   5    1285.85   1050.47   235.38    10789.5   60097
1030105527   test1_20x10.txt                lt 1 20   10   5041.55   4786.01   255.54    29096.3   60005.5
141748002    test1_20x10.txt                lt 1 20   10   5464.69   5236.38   228.31    52688.8   60005.7
1573756134   test1_20x10.txt                lt 1 20   10   4986.53   4688.45   298.08    46133.1   60006.1
1855732883   test1_20x10.txt                lt 1 20   10   5255.19   5002.74   252.45    54190.7   60006.2
1858279865   test1_20x10.txt                lt 1 20   10   4772.28   4500.14   272.14    60000.2   60005.3
1030105527   test1_20x2.txt                 lt 1 20   2    1251.45   1138.09   113.36    7365.15   60000.9
141748002    test1_20x2.txt                 lt 1 20   2    1251.99   1154.46   97.53     7326.67   60282
1573756134   test1_20x2.txt                 lt 1 20   2    1249.46   1132.25   117.21    21992     60555.7
1855732883   test1_20x2.txt                 lt 1 20   2    1206.97   1104.92   102.05    22182.5   60143.3
1858279865   test1_20x2.txt                 lt 1 20   2    1203.88   1096.63   107.25    40885.1   60714
1030105527   test1_20x5.txt                 lt 1 20   5    2936.63   2593.38   343.25    22823.6   60086.7
141748002    test1_20x5.txt                 lt 1 20   5    3207.61   2878.86   328.75    28962.3   60002.4
1573756134   test1_20x5.txt                 lt 1 20   5    2978.96   2611.44   367.52    45589.2   60136.5
1855732883   test1_20x5.txt                 lt 1 20   5    3122.24   2819.2    303.04    53659.9   60138.7
1858279865   test1_20x5.txt                 lt 1 20   5    3256.76   2956.89   299.87    32914.2   60088.3
1030105527   test2_10x10.txt                lt 2 10   10   144.94    52.98     91.96     3370.53   60001.6
141748002    test2_10x10.txt                lt 2 10   10   144.94    52.98     91.96     8859.34   60002
1573756134   test2_10x10.txt                lt 2 10   10   146.06    49.98     96.08     4126.99   60001.9
1855732883   test2_10x10.txt                lt 2 10   10   144.94    52.98     91.96     6169.01   60001.5
1858279865   test2_10x10.txt                lt 2 10   10   146.06    49.98     96.08     2661.28   60001.5
1030105527   test2_10x2.txt                 lt 2 10   2    137.94    66.09     71.85     321.573   60000.7
141748002    test2_10x2.txt                 lt 2 10   2    137.94    66.09     71.85     584.761   60094.6
1573756134   test2_10x2.txt                 lt 2 10   2    137.94    66.09     71.85     844.203   60058
1855732883   test2_10x2.txt                 lt 2 10   2    137.94    66.09     71.85     873.126   60098.8
1858279865   test2_10x2.txt                 lt 2 10   2    137.94    66.09     71.85     763.203   60396.2
1030105527   test2_10x5.txt                 lt 2 10   5    488.78    444.52    44.26     642.857   60056.7
141748002    test2_10x5.txt                 lt 2 10   5    488.78    444.52    44.26     2668.05   60002.4
1573756134   test2_10x5.txt                 lt 2 10   5    488.78    444.52    44.26     1268.52   60001.2
1855732883   test2_10x5.txt                 lt 2 10   5    488.78    444.52    44.26     42232.6   60020.2
1858279865   test2_10x5.txt                 lt 2 10   5    488.78    444.52    44.26     2298.67   60972.9
1030105527   test2_15x10.txt                lt 2 15   10   584       278.8     305.2     42529.4   60002.8
141748002    test2_15x10.txt                lt 2 15   10   598.74    249.02    349.72    53492.5   60002.8
1573756134   test2_15x10.txt                lt 2 15   10   632.13    265.55    366.58    7119.8    60002.7
1855732883   test2_15x10.txt                lt 2 15   10   594.98    293.31    301.67    31905.3   60003
1858279865   test2_15x10.txt                lt 2 15   10   589.04    259.94    329.1     30791.2   60002.6
1030105527   test2_15x2.txt                 lt 2 15   2    290.88    128.55    162.33    4125.27   60667.1
141748002    test2_15x2.txt                 lt 2 15   2    290.88    128.55    162.33    10621.4   60832.1
1573756134   test2_15x2.txt                 lt 2 15   2    290.88    128.55    162.33    2086.02   60152
1855732883   test2_15x2.txt                 lt 2 15   2    290.88    128.55    162.33    1220.61   60840.1
1858279865   test2_15x2.txt                 lt 2 15   2    279.71    133.52    146.19    40162.4   60860.5
1030105527   test2_15x5.txt                 lt 2 15   5    361.89    80.75     281.14    6459.27   60190.4
141748002    test2_15x5.txt                 lt 2 15   5    351.64    118.03    233.61    24992.9   60674
1573756134   test2_15x5.txt                 lt 2 15   5    361.89    80.75     281.14    22264.2   60043.7
1855732883   test2_15x5.txt                 lt 2 15   5    383.84    113.46    270.38    43254.2   60001.6
1858279865   test2_15x5.txt                 lt 2 15   5    351.04    111.61    239.43    23240.1   60875.3
1030105527   test2_20x10.txt                lt 2 20   10   1517.34   526.74    990.6     54788.1   60021.4
141748002    test2_20x10.txt                lt 2 20   10   1557.11   509.09    1048.02   35544.8   60004.5
1573756134   test2_20x10.txt                lt 2 20   10   1549.65   583.32    966.33    57606.5   60004.6
1855732883   test2_20x10.txt                lt 2 20   10   1520.06   580.15    939.91    44295.3   60004.7
1858279865   test2_20x10.txt                lt 2 20   10   1535.88   487.74    1048.14   47082.9   60004.6
1030105527   test2_20x2.txt                 lt 2 20   2    774.88    731.01    43.87     14683.3   60962.8
141748002    test2_20x2.txt                 lt 2 20   2    772.85    733.15    39.7      12812.9   60924.2
1573756134   test2_20x2.txt                 lt 2 20   2    774.88    731.01    43.87     6513.47   60734.3
1855732883   test2_20x2.txt                 lt 2 20   2    782.39    746.34    36.05     6431.83   60159.2
1858279865   test2_20x2.txt                 lt 2 20   2    775.08    731.21    43.87     51049.6   60467.3
1030105527   test2_20x5.txt                 lt 2 20   5    3665.53   3575.09   90.44     13905.4   60002.3
141748002    test2_20x5.txt                 lt 2 20   5    3651.13   3562.55   88.58     56298.4   60035
1573756134   test2_20x5.txt                 lt 2 20   5    3859.09   3783.47   75.62     59644.8   60647.7
1855732883   test2_20x5.txt                 lt 2 20   5    3922.28   3833.61   88.67     16954.6   60073.4
1858279865   test2_20x5.txt                 lt 2 20   5    3671.8    3580.48   91.32     50749.2   60002.4
1030105527   test1_10x10.txt                te 1 10   10   1281.66   904.67    376.99    3849.05   60002
141748002    test1_10x10.txt                te 1 10   10   1307.44   991       316.44    2427.41   60002
1573756134   test1_10x10.txt                te 1 10   10   1276.23   989.86    286.37    53384     60002.2
1855732883   test1_10x10.txt                te 1 10   10   1276.23   989.86    286.37    364.972   60002.1
1858279865   test1_10x10.txt                te 1 10   10   1302.12   1001.02   301.1     507.795   60002
1030105527   test1_10x2.txt                 te 1 10   2    461.96    379.78    82.18     1026.01   60120
141748002    test1_10x2.txt                 te 1 10   2    461.96    379.78    82.18     171.711   60000.5
1573756134   test1_10x2.txt                 te 1 10   2    461.96    379.78    82.18     2655.43   60837.2
1855732883   test1_10x2.txt                 te 1 10   2    461.96    379.78    82.18     740.276   60066.7
1858279865   test1_10x2.txt                 te 1 10   2    461.96    379.78    82.18     2782.32   60597.3
1030105527   test1_10x5.txt                 te 1 10   5    690.29    418.16    272.13    1983.46   60001.4
141748002    test1_10x5.txt                 te 1 10   5    689.11    414.1     275.01    889.483   60001.1
1573756134   test1_10x5.txt                 te 1 10   5    722.61    416.47    306.14    4688.51   60001.1
1855732883   test1_10x5.txt                 te 1 10   5    726.1     468.37    257.73    1116.85   60032.1
1858279865   test1_10x5.txt                 te 1 10   5    689.11    414.1     275.01    603.308   60001
1030105527   test1_15x10.txt                te 1 15   10   6787.68   6726.56   61.12     3054.08   60003.3
141748002    test1_15x10.txt                te 1 15   10   6823.19   6768.43   54.76     1623.54   60003.6
1573756134   test1_15x10.txt                te 1 15   10   6828.53   6771.07   57.46     26244     60003.8
1855732883   test1_15x10.txt                te 1 15   10   6716.91   6655.79   61.12     16203.6   60003.3
1858279865   test1_15x10.txt                te 1 15   10   6793.36   6738.6    54.76     2616.84   60003.7
1030105527   test1_15x2.txt                 te 1 15   2    3344.54   3291.15   53.39     1062.75   60925.9
141748002    test1_15x2.txt                 te 1 15   2    3344.54   3291.15   53.39     1058.11   60834.2
1573756134   test1_15x2.txt                 te 1 15   2    3344.54   3291.15   53.39     2650.19   60439.1
1855732883   test1_15x2.txt                 te 1 15   2    3344.54   3291.15   53.39     4700.9    60584.5
1858279865   test1_15x2.txt                 te 1 15   2    3344.54   3291.15   53.39     33586.7   60168.1
1030105527   test1_15x5.txt                 te 1 15   5    1318.68   1092.34   226.34    1279.85   60001.7
141748002    test1_15x5.txt                 te 1 15   5    1318.68   1092.34   226.34    1397.37   60001.7
1573756134   test1_15x5.txt                 te 1 15   5    1318.68   1092.34   226.34    7485.31   60001.6
1855732883   test1_15x5.txt                 te 1 15   5    1333.67   1107.33   226.34    8298.96   60002.1
1858279865   test1_15x5.txt                 te 1 15   5    1318.68   1092.34   226.34    5098.12   60001.8
1030105527   test1_20x10.txt                te 1 20   10   10974.2   10614.3   359.92    33254.7   60005.1
141748002    test1_20x10.txt                te 1 20   10   11168.1   10798.4   369.63    52601.6   60005.9
1573756134   test1_20x10.txt                te 1 20   10   10443.3   9968.26   475.04    44247.3   60005.4
1855732883   test1_20x10.txt                te 1 20   10   10796.4   10265.3   531.09    56412     60005.9
1858279865   test1_20x10.txt                te 1 20   10   10911.3   10496.3   415.02    58697.7   60009.1
1030105527   test1_20x2.txt                 te 1 20   2    1933.72   1929.76   3.96      39984.8   60695.6
141748002    test1_20x2.txt                 te 1 20   2    1937.49   1933.53   3.96      41611.9   60595
1573756134   test1_20x2.txt                 te 1 20   2    1933.72   1929.76   3.96      50740.8   60519.4
1855732883   test1_20x2.txt                 te 1 20   2    1937.49   1933.53   3.96      9528.34   60262.1
1858279865   test1_20x2.txt                 te 1 20   2    1937.49   1933.53   3.96      15066.5   60661.2
1030105527   test1_20x5.txt                 te 1 20   5    2864.55   1726.34   1138.21   58123.9   60190.9
141748002    test1_20x5.txt                 te 1 20   5    2867.47   1681.39   1186.08   25803     60530.3
1573756134   test1_20x5.txt                 te 1 20   5    2829.67   1745.37   1084.3    50021.1   60115.2
1855732883   test1_20x5.txt                 te 1 20   5    2857.79   1847.61   1010.18   40771.6   60078
1858279865   test1_20x5.txt                 te 1 20   5    2931.55   1620.89   1310.66   2936.29   60124
1030105527   test2_10x10.txt                te 2 10   10   1871.48   1053.14   818.34    10813.7   60003
141748002    test2_10x10.txt                te 2 10   10   1892.71   1086.85   805.86    30316     60002.1
1573756134   test2_10x10.txt                te 2 10   10   1865.93   1095.47   770.46    30887     60002
1855732883   test2_10x10.txt                te 2 10   10   1872.54   1053.14   819.4     10890.5   60002.8
1858279865   test2_10x10.txt                te 2 10   10   1918.69   1107.13   811.56    34297     60001.9
1030105527   test2_10x2.txt                 te 2 10   2    448.32    436.29    12.03     30.46     60000.6
141748002    test2_10x2.txt                 te 2 10   2    448.32    436.29    12.03     245.593   60061.7
1573756134   test2_10x2.txt                 te 2 10   2    448.32    436.29    12.03     359.559   60000.5
1855732883   test2_10x2.txt                 te 2 10   2    448.32    436.29    12.03     600.861   60320.4
1858279865   test2_10x2.txt                 te 2 10   2    448.32    436.29    12.03     64.964    60110.5
1030105527   test2_10x5.txt                 te 2 10   5    763.24    695.79    67.45     5925.89   60011.5
141748002    test2_10x5.txt                 te 2 10   5    773.16    705.71    67.45     13173.9   60001
1573756134   test2_10x5.txt                 te 2 10   5    763.24    695.79    67.45     980.297   60001.6
1855732883   test2_10x5.txt                 te 2 10   5    763.24    695.79    67.45     1063      60145.9
1858279865   test2_10x5.txt                 te 2 10   5    763.24    695.79    67.45     246.05    60001.1
1030105527   test2_15x10.txt                te 2 15   10   4750.38   3743.03   1007.35   26607.9   60042.4
141748002    test2_15x10.txt                te 2 15   10   4626.28   3359.12   1267.16   11204.2   60004.4
1573756134   test2_15x10.txt                te 2 15   10   4859.37   3486.25   1373.12   24193.6   60026
1855732883   test2_15x10.txt                te 2 15   10   4806.36   3686.64   1119.72   60002.6   60007.1
1858279865   test2_15x10.txt                te 2 15   10   4682.27   3596.44   1085.83   5945.01   60003.9
1030105527   test2_15x2.txt                 te 2 15   2    1479.76   1465.94   13.82     1046.8    60853.4
141748002    test2_15x2.txt                 te 2 15   2    1479.76   1465.94   13.82     128.168   60551.7
1573756134   test2_15x2.txt                 te 2 15   2    1479.76   1465.94   13.82     11566.4   60334.8
1855732883   test2_15x2.txt                 te 2 15   2    1479.76   1465.94   13.82     1089.48   60152.8
1858279865   test2_15x2.txt                 te 2 15   2    1479.76   1465.94   13.82     18743.9   60276.1
1030105527   test2_15x5.txt                 te 2 15   5    2643.84   2516.14   127.7     3659.17   60083.7
141748002    test2_15x5.txt                 te 2 15   5    2679.15   2554.35   124.8     851.647   60001.7
1573756134   test2_15x5.txt                 te 2 15   5    2646.57   2518.87   127.7     14460.2   60025.8
1855732883   test2_15x5.txt                 te 2 15   5    2643.99   2516.29   127.7     41529.4   60028.2
1858279865   test2_15x5.txt                 te 2 15   5    2643.99   2516.29   127.7     10223.7   60001.5
1030105527   test2_20x10.txt                te 2 20   10   7176.46   4220.58   2955.88   60000.1   60006.3
141748002    test2_20x10.txt                te 2 20   10   7106.01   3946.17   3159.84   22173.2   60008.6
1573756134   test2_20x10.txt                te 2 20   10   7247.76   4087.69   3160.07   34723.6   60005.7
1855732883   test2_20x10.txt                te 2 20   10   7040.85   3855.57   3185.28   56687.7   60005.8
1858279865   test2_20x10.txt                te 2 20   10   7056.72   3960.97   3095.75   48165.2   60006
1030105527   test2_20x2.txt                 te 2 20   2    948.01    888.26    59.75     39351.3   60765.4
141748002    test2_20x2.txt                 te 2 20   2    948.01    888.26    59.75     21319.6   60021.9
1573756134   test2_20x2.txt                 te 2 20   2    948.01    888.26    59.75     30995.5   60868.9
1855732883   test2_20x2.txt                 te 2 20   2    948.01    888.26    59.75     15539.7   60427.4
1858279865   test2_20x2.txt                 te 2 20   2    948.01    888.26    59.75     27814.4   60979.7
1030105527   test2_20x5.txt                 te 2 20   5    6607.83   6568.01   39.82     46454.2   60179.5
141748002    test2_20x5.txt                 te 2 20   5    6619.67   6581.56   38.11     52243.5   60002
1573756134   test2_20x5.txt                 te 2 20   5    6686.13   6657.37   28.76     44454.9   60001.9
1855732883   test2_20x5.txt                 te 2 20   5    6695.82   6671.8    24.02     37340.8   60002.6
1858279865   test2_20x5.txt                 te 2 20   5    6613.74   6577.61   36.13     48217.6   60187.6
1030105527   test1_10x10.txt                tt 1 10   10   687.65    263.75    423.9     22494.6   60002.2
141748002    test1_10x10.txt                tt 1 10   10   669.31    259.95    409.36    53095.4   60001.7
1573756134   test1_10x10.txt                tt 1 10   10   669.31    259.95    409.36    2949.86   60002.1
1855732883   test1_10x10.txt                tt 1 10   10   687.65    263.75    423.9     7906.08   60010.5
1858279865   test1_10x10.txt                tt 1 10   10   687.29    240.65    446.64    3361.97   60002.1
1030105527   test1_10x2.txt                 tt 1 10   2    179.46    137.72    41.74     1527.83   60281.8
141748002    test1_10x2.txt                 tt 1 10   2    179.46    137.72    41.74     272.021   60578.5
1573756134   test1_10x2.txt                 tt 1 10   2    179.46    137.72    41.74     3738.85   60300.8
1855732883   test1_10x2.txt                 tt 1 10   2    179.46    137.72    41.74     218.666   60208.9
1858279865   test1_10x2.txt                 tt 1 10   2    179.46    137.72    41.74     5.477     60626.5
1030105527   test1_10x5.txt                 tt 1 10   5    389.43    115.66    273.77    1193.56   60001
141748002    test1_10x5.txt                 tt 1 10   5    389.63    121.94    267.69    3811.48   60016
1573756134   test1_10x5.txt                 tt 1 10   5    379.19    118.23    260.96    15745.1   60001
1855732883   test1_10x5.txt                 tt 1 10   5    387.27    115.45    271.82    4160.49   60001.1
1858279865   test1_10x5.txt                 tt 1 10   5    385.28    115.45    269.83    3763.61   60003.3
1030105527   test1_15x10.txt                tt 1 15   10   829.12    260.57    568.55    38184.1   60003.1
141748002    test1_15x10.txt                tt 1 15   10   790.85    270.55    520.3     34522.4   60003.2
1573756134   test1_15x10.txt                tt 1 15   10   774.06    259.62    514.44    26941.7   60003.1
1855732883   test1_15x10.txt                tt 1 15   10   810.32    285.31    525.01    50027.8   60003.3
1858279865   test1_15x10.txt                tt 1 15   10   803.13    271.27    531.86    57571.3   60003.7
1030105527   test1_15x2.txt                 tt 1 15   2    790.5     730.17    60.33     1119.5    60436.3
141748002    test1_15x2.txt                 tt 1 15   2    790.5     730.17    60.33     9658.62   60238.3
1573756134   test1_15x2.txt                 tt 1 15   2    790.5     730.17    60.33     1282.71   60001.1
1855732883   test1_15x2.txt                 tt 1 15   2    790.5     730.17    60.33     5919.53   60532.9
1858279865   test1_15x2.txt                 tt 1 15   2    790.5     730.17    60.33     2835.33   60419
1030105527   test1_15x5.txt                 tt 1 15   5    1371.51   1279.48   92.03     17174.1   60001.7
141748002    test1_15x5.txt                 tt 1 15   5    1371.29   1279.26   92.03     11068.5   60001.8
1573756134   test1_15x5.txt                 tt 1 15   5    1421.14   1329.11   92.03     6776.1    60187.5
1855732883   test1_15x5.txt                 tt 1 15   5    1421.14   1329.11   92.03     1099      60187.3
1858279865   test1_15x5.txt                 tt 1 15   5    1358.62   1271.42   87.2      45565.1   60001.8
1030105527   test1_20x10.txt                tt 1 20   10   4503.75   3983.12   520.63    52568.5   60005.8
141748002    test1_20x10.txt                tt 1 20   10   4873.93   4406.54   467.39    28398.3   60069.3
1573756134   test1_20x10.txt                tt 1 20   10   4502.94   4019.34   483.6     49838.4   60006.3
1855732883   test1_20x10.txt                tt 1 20   10   5136.26   4773.19   363.07    50084.7   60005.2
1858279865   test1_20x10.txt                tt 1 20   10   4447.9    3972.64   475.26    43774.8   60005.9
1030105527   test1_20x2.txt                 tt 1 20   2    1672.33   1614.48   57.85     12503.6   60791.3
141748002    test1_20x2.txt                 tt 1 20   2    1672.33   1614.48   57.85     7924.76   60621.1
1573756134   test1_20x2.txt                 tt 1 20   2    1700.46   1629.35   71.11     10516.2   60222.1
1855732883   test1_20x2.txt                 tt 1 20   2    1691.12   1625.37   65.75     58266.1   60303.6
1858279865   test1_20x2.txt                 tt 1 20   2    1691.08   1631.29   59.79     46564.3   60994.1
1030105527   test1_20x5.txt                 tt 1 20   5    3710.16   3646.72   63.44     59364.9   60368.1
141748002    test1_20x5.txt                 tt 1 20   5    3643.03   3581.74   61.29     58146.5   60002.4
1573756134   test1_20x5.txt                 tt 1 20   5    3618.13   3556.84   61.29     28666.1   60176
1855732883   test1_20x5.txt                 tt 1 20   5    3627.74   3558.28   69.46     48282.4   60306.6
1858279865   test1_20x5.txt                 tt 1 20   5    3635.86   3557.41   78.45     4623.97   60127.9
1030105527   test2_10x10.txt                tt 2 10   10   797.56    490.24    307.32    20506     60002.5
141748002    test2_10x10.txt                tt 2 10   10   784.81    411.07    373.74    10537.2   60002
1573756134   test2_10x10.txt                tt 2 10   10   787.55    440.89    346.66    26664.5   60002.1
1855732883   test2_10x10.txt                tt 2 10   10   849.45    444.74    404.71    3279.07   60003.3
1858279865   test2_10x10.txt                tt 2 10   10   815.56    375.07    440.49    19873.3   60004
1030105527   test2_10x2.txt                 tt 2 10   2    145.37    65.75     79.62     1025.6    60000.6
141748002    test2_10x2.txt                 tt 2 10   2    145.37    65.75     79.62     1106.33   60519.6
1573756134   test2_10x2.txt                 tt 2 10   2    145.37    65.75     79.62     1071.88   60243.5
1855732883   test2_10x2.txt                 tt 2 10   2    145.37    65.75     79.62     917.889   60837.2
1858279865   test2_10x2.txt                 tt 2 10   2    145.37    65.75     79.62     1025.13   60881.4
1030105527   test2_10x5.txt                 tt 2 10   5    627.64    523.44    104.2     14996.8   60001
141748002    test2_10x5.txt                 tt 2 10   5    627.45    540.95    86.5      2570.05   60001.1
1573756134   test2_10x5.txt                 tt 2 10   5    627.64    523.44    104.2     24961     60001.1
1855732883   test2_10x5.txt                 tt 2 10   5    627.64    523.44    104.2     1615.69   60001.3
1858279865   test2_10x5.txt                 tt 2 10   5    627.45    540.95    86.5      1042.44   60004.8
1030105527   test2_15x10.txt                tt 2 15   10   1172.58   600.1     572.48    10163.5   60004.1
141748002    test2_15x10.txt                tt 2 15   10   1172.58   600.1     572.48    25252.9   60004.3
1573756134   test2_15x10.txt                tt 2 15   10   1140.85   600.2     540.65    11568.9   60003.9
1855732883   test2_15x10.txt                tt 2 15   10   1140.85   600.2     540.65    18669.1   60004
1858279865   test2_15x10.txt                tt 2 15   10   1189.02   625.23    563.79    1237.61   60003.4
1030105527   test2_15x2.txt                 tt 2 15   2    905.37    893.59    11.78     1218.5    60912.5
141748002    test2_15x2.txt                 tt 2 15   2    905.37    893.59    11.78     1050.56   60422.9
1573756134   test2_15x2.txt                 tt 2 15   2    905.37    893.59    11.78     1103.58   60543
1855732883   test2_15x2.txt                 tt 2 15   2    905.37    893.59    11.78     2085.94   60685.9
1858279865   test2_15x2.txt                 tt 2 15   2    905.37    893.59    11.78     1046.68   60066.5
1030105527   test2_15x5.txt                 tt 2 15   5    685.95    388.95    297       14585.3   60067.9
141748002    test2_15x5.txt                 tt 2 15   5    682.14    388.03    294.11    5603.1    60002.1
1573756134   test2_15x5.txt                 tt 2 15   5    677.57    391.82    285.75    1513.16   60001.7
1855732883   test2_15x5.txt                 tt 2 15   5    677.15    391.82    285.33    14957     60283
1858279865   test2_15x5.txt                 tt 2 15   5    692       381.16    310.84    4045.66   60001.8
1030105527   test2_20x10.txt                tt 2 20   10   3174.6    1326.76   1847.84   45106     60005
141748002    test2_20x10.txt                tt 2 20   10   3211.14   1337.12   1874.02   52121.9   60113.8
1573756134   test2_20x10.txt                tt 2 20   10   3282.15   1403.67   1878.48   32671.2   60005.9
1855732883   test2_20x10.txt                tt 2 20   10   3530.83   1568.22   1962.61   55918.8   60005
1858279865   test2_20x10.txt                tt 2 20   10   3259.83   1306.94   1952.89   33235.4   60006.3
1030105527   test2_20x2.txt                 tt 2 20   2    1451.61   1245.16   206.45    5296.34   60644.6
141748002    test2_20x2.txt                 tt 2 20   2    1452.05   1226.45   225.6     10765.9   60248.7
1573756134   test2_20x2.txt                 tt 2 20   2    1452.05   1226.45   225.6     11523.6   60277.9
1855732883   test2_20x2.txt                 tt 2 20   2    1452.05   1226.45   225.6     2110.51   60350.5
1858279865   test2_20x2.txt                 tt 2 20   2    1448.66   1227.93   220.73    34899.3   60065.1
1030105527   test2_20x5.txt                 tt 2 20   5    1810.75   1176.29   634.46    15107.9   60002.8
141748002    test2_20x5.txt                 tt 2 20   5    1811.32   1176.29   635.03    56453.5   60014.1
1573756134   test2_20x5.txt                 tt 2 20   5    1813.32   1151.65   661.67    26728.1   60002.6
1855732883   test2_20x5.txt                 tt 2 20   5    1820.53   1162.8    657.73    48822.1   60168.3
1858279865   test2_20x5.txt                 tt 2 20   5    1814.56   1165.51   649.05    19613.2   60966.2
