type test j m penalties tpenalty epenalty tmfound time
le 1 10   10   367.83    167.7     200.13    9636.78   60001.2
le 1 10   2    224.84    185.19    39.65     0.11      60253.1
le 1 10   5    1743.64   1659.44   84.2      212.653   60000.8
le 1 15   10   900.22    487.45    412.77    53050.2   60002.3
le 1 15   2    1041.33   1017.4    23.93     1045.68   60625.6
le 1 15   5    3223.17   2931.81   291.36    6715.86   60266.7
le 1 20   10   5015.45   3257.1    1758.35   49637.1   60004.5
le 1 20   2    2549.19   2523.51   25.68     2114.48   60387.2
le 1 20   5    7690.23   7379.06   311.17    18877.8   60032.4
le 2 10   10   249.85    104.01    145.84    6178.35   60001.1
le 2 10   2    324.43    179.18    145.25    1931.34   60037.6
le 2 10   5    971.96    718.98    252.98    965.862   60000.8
le 2 15   10   1534.74   608.82    925.92    47829.6   60002.6
le 2 15   2    505.16    318.92    186.24    3863.98   60918.3
le 2 15   5    3290.7    2680.17   610.53    4579.11   60871.3
le 2 20   10   1716.94   1192.84   524.1     60257.6   60261.2
le 2 20   2    3069.13   2984.99   84.14     6000.45   60172.3
le 2 20   5    7380.77   6435.23   945.54    25940.9   60001.8
lt 1 10   10   386.4     89.7      296.7     23432     60001.3
lt 1 10   2    416.44    390.34    26.1      1.996     60109.7
lt 1 10   5    178.91    56.99     121.92    2048.67   60289.9
lt 1 15   10   279.58    101.14    178.44    40889.1   60066.4
lt 1 15   2    654.84    641.58    13.26     18.312    60169.7
lt 1 15   5    1282.51   1048.92   233.59    20741.2   60506.2
lt 1 20   10   5381.69   5122.26   259.43    52335.1   60004.2
lt 1 20   2    1207.21   1099.96   107.25    51411.6   60736.4
lt 1 20   5    2830.86   2445.38   385.48    39173.7   60218.2
lt 2 10   10   144.94    52.98     91.96     2559.19   60001.1
lt 2 10   2    137.94    66.09     71.85     150.182   60081.7
lt 2 10   5    485.06    440.51    44.55     2095.53   60000.8
lt 2 15   10   583.23    278.8     304.43    54595.8   60002.2
lt 2 15   2    290.88    128.55    162.33    1049.02   60002.9
lt 2 15   5    350.18    103.41    246.77    26703.9   60685.8
lt 2 20   10   1449.84   482.42    967.42    60028.7   60032.4
lt 2 20   2    782.39    746.34    36.05     7291.94   60364.6
lt 2 20   5    3779.86   3690.47   89.39     35542.3   60767.6
te 1 10   10   1281.66   904.67    376.99    2227.44   60001.7
te 1 10   2    461.96    379.78    82.18     663.305   60438.9
te 1 10   5    690.29    418.16    272.13    1523.47   60014.9
te 1 15   10   6987.93   6945.71   42.22     11921.3   60002.4
te 1 15   2    3344.54   3291.15   53.39     20.717    60031.9
te 1 15   5    1333.67   1107.33   226.34    6489.5    60347.5
te 1 20   10   10931.3   10454.9   476.46    59882.8   60004.5
te 1 20   2    1937.49   1933.53   3.96      9882.1    60000.7
te 1 20   5    2830.67   1745.37   1085.3    25655.1   60575.9
te 2 10   10   1948.47   969.32    979.15    14428.7   60001.6
te 2 10   2    448.32    436.29    12.03     2.67      60017.8
te 2 10   5    763.24    695.79    67.45     471.986   60000.8
te 2 15   10   4691      3382.02   1308.98   19131.1   60002.8
te 2 15   2    1479.76   1465.94   13.82     5.133     60597
te 2 15   5    2654.88   2527.18   127.7     2216.47   60001.5
te 2 20   10   7124.78   3780.74   3344.04   41674.7   60004.5
te 2 20   2    941.69    896.72    44.97     23278.3   60627.9
te 2 20   5    6895.03   6850.28   44.75     11202.9   60935
tt 1 10   10   692.03    205.81    486.22    9866.77   60001.5
tt 1 10   2    179.46    137.72    41.74     793.11    60444.7
tt 1 10   5    395.83    129.26    266.57    18779.7   60000.8
tt 1 15   10   840.29    239.29    601       49001.9   60002.7
tt 1 15   2    790.5     730.17    60.33     3096.6    60000.6
tt 1 15   5    1421.14   1329.11   92.03     26989.3   60001.3
tt 1 20   10   4530.42   4034.27   496.15    54911.1   60004.4
tt 1 20   2    1671.87   1614.02   57.85     28930.7   60830
tt 1 20   5    3897.77   3810.45   87.32     54669.2   60001.7
tt 2 10   10   793.44    415.67    377.77    46395     60001.6
tt 2 10   2    145.37    65.75     79.62     2001.67   60309.4
tt 2 10   5    627.64    523.44    104.2     838.344   60000.8
tt 2 15   10   1269.78   682.95    586.83    56204.8   60002.8
tt 2 15   2    905.37    893.59    11.78     14.01     60902
tt 2 15   5    677.57    391.82    285.75    20623.8   60001.3
tt 2 20   10   3270.06   1276.67   1993.39   51565.8   60004.4
tt 2 20   2    1448.66   1227.93   220.73    8817.49   60199.6
tt 2 20   5    1815.27   1165.51   649.76    50885.9   60235.5
