type test j m penalties tpenalty epenalty tmfound time
le 1 10   10   369.48    184.4     185.08    46320.4   60001.2
le 1 10   2    224.84    185.19    39.65     0.413     60732.5
le 1 10   5    1738.05   1653.85   84.2      151.668   60825
le 1 15   10   1002.78   510.92    491.86    13506.8   60002.7
le 1 15   2    1041.7    1011.66   30.04     4829.26   60434.5
le 1 15   5    3196.85   2935.56   261.29    6126.34   60040.1
le 1 20   10   4694.96   3009.93   1685.03   33676.9   60004.9
le 1 20   2    2547.68   2527.62   20.06     6865.97   60445.3
le 1 20   5    7773.31   7432.58   340.73    33785.7   60228.6
le 2 10   10   249.85    104.01    145.84    11407.5   60005.4
le 2 10   2    319.37    157.16    162.21    181.713   60058.3
le 2 10   5    967.73    641.05    326.68    1060.69   60000.9
le 2 15   10   1519.82   650.79    869.03    31796.6   60002.8
le 2 15   2    505.16    318.92    186.24    245.859   60390.3
le 2 15   5    3283.43   2672.9    610.53    1457.83   60361.8
le 2 20   10   1660.19   1110.12   550.07    48423.1   60004.3
le 2 20   2    3069.13   2984.99   84.14     20652.5   60387.6
le 2 20   5    7167.19   6251.75   915.44    46127.3   60376.4
lt 1 10   10   388.92    154.9     234.02    2384.78   60041.4
lt 1 10   2    416.44    390.34    26.1      0.079     60165.4
lt 1 10   5    175.08    57        118.08    5228.97   60012.2
lt 1 15   10   286.91    99.86     187.05    60026.9   60029.1
lt 1 15   2    654.84    641.58    13.26     1042.07   60187.5
lt 1 15   5    1280.74   1051.01   229.73    26520.7   60001.5
lt 1 20   10   5513.25   5308.73   204.52    42240     60004.2
lt 1 20   2    1251.45   1138.09   113.36    6440.02   60256.8
lt 1 20   5    3048.34   2704.51   343.83    57107.3   60457.7
lt 2 10   10   144.94    52.98     91.96     2215.39   60001.3
lt 2 10   2    137.94    66.09     71.85     106.848   60102.1
lt 2 10   5    485.06    440.51    44.55     1023.57   60001
lt 2 15   10   638.59    344.48    294.11    26970     60002.7
lt 2 15   2    290.88    128.55    162.33    3074.22   60471.3
lt 2 15   5    328.13    120.21    207.92    23425.1   60004.6
lt 2 20   10   1483.79   556.45    927.34    56712.2   60004.2
lt 2 20   2    769.35    721.35    48        43037.9   60120.6
lt 2 20   5    4073.21   3980.71   92.5      10833.8   60601.3
te 1 10   10   1278.53   884.51    394.02    799.635   60001.7
te 1 10   2    461.96    379.78    82.18     222.005   60009
te 1 10   5    690.29    418.16    272.13    20539.3   60001
te 1 15   10   7002.94   6960.72   42.22     4342.02   60002.8
te 1 15   2    3344.54   3291.15   53.39     1.25      60259.9
te 1 15   5    1343.74   1092.31   251.43    12999.9   60001.4
te 1 20   10   10399.1   9954.82   444.25    57191.8   60334.4
te 1 20   2    1946.29   1942.33   3.96      57787.6   60849
te 1 20   5    2884.02   1772.52   1111.5    33410.5   60883.8
te 2 10   10   1901.26   813.24    1088.02   29861.7   60025.7
te 2 10   2    448.32    436.29    12.03     652.304   60245.4
te 2 10   5    763.24    695.79    67.45     2048.27   60036.2
te 2 15   10   4694.99   3547.23   1147.76   23187.5   60003.6
te 2 15   2    1479.76   1465.94   13.82     5293.77   60000.6
te 2 15   5    2621.35   2468.99   152.36    14356.2   60005.4
te 2 20   10   7275.55   3955.51   3320.04   54834.6   60005
te 2 20   2    948.01    888.26    59.75     45626.6   60999
te 2 20   5    7040.12   7009.95   30.17     24902     60898.6
tt 1 10   10   702.99    292.49    410.5     10142.4   60001.8
tt 1 10   2    179.46    137.72    41.74     164.454   60000.5
tt 1 10   5    390.95    119.65    271.3     2977.48   60013.2
tt 1 15   10   851.96    293.49    558.47    56144.6   60002.9
tt 1 15   2    790.5     730.17    60.33     5177.91   60268.5
tt 1 15   5    1371.29   1279.26   92.03     9854.09   60001.7
tt 1 20   10   4534.79   4068.91   465.88    58754.8   60245.9
tt 1 20   2    1674.58   1616.73   57.85     55447.9   60567.2
tt 1 20   5    3648.16   3576.83   71.33     55779.7   60529.4
tt 2 10   10   810.51    389.88    420.63    5506.54   60001.6
tt 2 10   2    145.37    65.75     79.62     2033.18   60767.1
tt 2 10   5    627.64    523.44    104.2     393.399   60005.5
tt 2 15   10   1301.35   724.35    577       14674.7   60003
tt 2 15   2    905.37    893.59    11.78     1042.9    60062.3
tt 2 15   5    703.19    416.68    286.51    5631.23   60135.6
tt 2 20   10   3289.64   1260.94   2028.7    60000.1   60004.6
tt 2 20   2    1452.05   1226.45   225.6     45838.5   60914
tt 2 20   5    1812.98   1176.84   636.14    50024.8   60689.8
