type test j m penalties tpenalty epenalty tmfound time
le 1 10   10   360.74    184.07    176.67    25324.6   60001.4
le 1 10   2    224.84    185.19    39.65     0.123     60069
le 1 10   5    1743.64   1659.44   84.2      49136.2   60000.9
le 1 15   10   935.17    439.62    495.55    57076.5   60002.4
le 1 15   2    1041.33   1017.4    23.93     1051.43   60335.1
le 1 15   5    3196.85   2935.56   261.29    14349.5   60045.2
le 1 20   10   4883.84   3295.76   1588.08   53417     60005.1
le 1 20   2    2547.68   2527.62   20.06     41882.4   60743.4
le 1 20   5    7692.02   7347.23   344.79    48155.5   60586.2
le 2 10   10   249.85    104.01    145.84    5273.42   60001.3
le 2 10   2    324.43    179.18    145.25    1382.86   60591.4
le 2 10   5    971.96    718.98    252.98    7150.82   60052.5
le 2 15   10   1611.17   627.36    983.81    23455.4   60002.8
le 2 15   2    497.97    340.91    157.06    8776.21   60913.8
le 2 15   5    3275.23   2557.42   717.81    4703.67   60051.5
le 2 20   10   1629.7    1138.45   491.25    59483.3   60004.4
le 2 20   2    3069.13   2984.99   84.14     8476.38   60814.9
le 2 20   5    7446.59   6588.74   857.85    18248.2   60002.3
lt 1 10   10   398.49    183.07    215.42    6778.89   60001.4
lt 1 10   2    416.44    390.34    26.1      0.935     60053.6
lt 1 10   5    176.83    57.5      119.33    3531.56   60000.8
lt 1 15   10   285.09    82.33     202.76    50746.3   60002.1
lt 1 15   2    654.84    641.58    13.26     1053.43   60005.9
lt 1 15   5    1282.51   1048.92   233.59    590.671   60043.3
lt 1 20   10   5526.39   5274.67   251.72    52935.2   60004
lt 1 20   2    1251.45   1138.09   113.36    3277.88   60100.3
lt 1 20   5    2884.29   2540.51   343.78    47325     60002.1
lt 2 10   10   144.94    52.98     91.96     4068.83   60020.1
lt 2 10   2    137.94    66.09     71.85     119.677   60095.5
lt 2 10   5    485.06    440.51    44.55     53754.2   60000.9
lt 2 15   10   586.17    235.23    350.94    26211.7   60002.2
lt 2 15   2    290.88    128.55    162.33    13.961    60056.8
lt 2 15   5    359.75    105.85    253.9     33168.5   60162.6
lt 2 20   10   1489.82   470.71    1019.11   57694.6   60004
lt 2 20   2    782.39    746.34    36.05     25069.5   60486.8
lt 2 20   5    3734.89   3659.54   75.35     56695.4   60020.1
te 1 10   10   1304.73   999.64    305.09    285.456   60001.7
te 1 10   2    461.96    379.78    82.18     1885.11   60010.1
te 1 10   5    724.82    411.24    313.58    817.315   60060.2
te 1 15   10   7007.36   6965.14   42.22     7736.02   60003.2
te 1 15   2    3344.54   3291.15   53.39     1.818     60397.9
te 1 15   5    1318.68   1092.34   226.34    16538.4   60001.4
te 1 20   10   11057.7   10583     474.66    52939.2   60005.4
te 1 20   2    1937.49   1933.53   3.96      38603.6   60765.1
te 1 20   5    2861.94   1837.28   1024.66   59753.1   60002.2
te 2 10   10   1871.41   1053.14   818.27    6081.15   60002.1
te 2 10   2    448.32    436.29    12.03     175.646   60000.4
te 2 10   5    763.24    695.79    67.45     29918.1   60000.9
te 2 15   10   4736.32   3382.03   1354.29   11792.5   60003.4
te 2 15   2    1479.76   1465.94   13.82     1567.67   60273.8
te 2 15   5    2646.57   2518.87   127.7     6208.08   60001.4
te 2 20   10   7104.51   4272.28   2832.23   45119.1   60064
te 2 20   2    951.28    897.84    53.44     3456.84   60248.3
te 2 20   5    6745.13   6706.16   38.97     12720.9   60001.7
tt 1 10   10   719.86    364.75    355.11    41018.7   60001.6
tt 1 10   2    179.46    137.72    41.74     9.419     60000.5
tt 1 10   5    390.68    126.8     263.88    2914.01   60000.8
tt 1 15   10   825.64    174.91    650.73    59152     60003.1
tt 1 15   2    790.5     730.17    60.33     10414     60773.4
tt 1 15   5    1430.94   1347.72   83.22     2853.07   60001.7
tt 1 20   10   4403.19   3844.65   558.54    59308     60004.8
tt 1 20   2    1690.51   1630.72   59.79     15750.6   60157.5
tt 1 20   5    3970.14   3891.99   78.15     58396.5   60207.9
tt 2 10   10   861.4     366.27    495.13    7307.35   60001.8
tt 2 10   2    145.37    65.75     79.62     2554.28   60911.8
tt 2 10   5    627.64    523.44    104.2     1908.05   60001
tt 2 15   10   1235.15   674.52    560.63    53540     60003.1
tt 2 15   2    905.37    893.59    11.78     18.101    60948.6
tt 2 15   5    680.43    398.86    281.57    13954     60001.4
tt 2 20   10   3814.64   1822.02   1992.62   49161.6   60019.3
tt 2 20   2    1451.02   1226.45   224.57    15712.4   60822.4
tt 2 20   5    1814.56   1165.51   649.05    25663.4   60109.3
