type test j m penalties tpenalty epenalty tmfound time
le 1 10   10   364.39    186.42    177.97    4011.3    60001.4
le 1 10   2    224.84    185.19    39.65     0.108     60174.4
le 1 10   5    1738.05   1653.85   84.2      14112.7   60001
le 1 15   10   903.46    453.92    449.54    35373.5   60004.3
le 1 15   2    1041.33   1017.4    23.93     96.887    60024.9
le 1 15   5    3196.85   2935.56   261.29    2478.45   60051.8
le 1 20   10   5284.69   3577.57   1707.12   59915.2   60005.4
le 1 20   2    2547.68   2527.62   20.06     35654.8   60694.4
le 1 20   5    7690.23   7379.06   311.17    26060.3   60542.4
le 2 10   10   249.85    104.01    145.84    12026.6   60001.4
le 2 10   2    319.37    157.16    162.21    1511.89   60003
le 2 10   5    971.96    718.98    252.98    367.03    60001
le 2 15   10   1514.07   598.92    915.15    50988.6   60003.3
le 2 15   2    505.16    318.92    186.24    4349.14   60697.2
le 2 15   5    3290.7    2680.17   610.53    3080.2    60001.5
le 2 20   10   1722.15   1200.52   521.63    56320.1   60004.4
le 2 20   2    3069.13   2984.99   84.14     7003.63   60867.8
le 2 20   5    7248.68   6312.8    935.88    47625.1   60550.3
lt 1 10   10   383.36    122.16    261.2     19629.1   60001.4
lt 1 10   2    416.44    390.34    26.1      0.929     60178.9
lt 1 10   5    176.83    57.5      119.33    4417.95   60010.1
lt 1 15   10   292.61    85.98     206.63    27321.6   60002.5
lt 1 15   2    654.84    641.58    13.26     3180.14   60708.7
lt 1 15   5    1283.57   1056.02   227.55    36613.8   60001.6
lt 1 20   10   5386.92   5126.66   260.26    45359.7   60126.6
lt 1 20   2    1242.04   1129.02   113.02    24371.2   60973.9
lt 1 20   5    2920.23   2515.85   404.38    60486.5   60488.3
lt 2 10   10   144.94    52.98     91.96     412.852   60001.3
lt 2 10   2    137.94    66.09     71.85     471.779   60125.3
lt 2 10   5    485.06    440.51    44.55     29762.5   60000.9
lt 2 15   10   644.8     270.48    374.32    8812.31   60002.4
lt 2 15   2    290.88    128.55    162.33    8836.51   60329.3
lt 2 15   5    348.23    112       236.23    39371.6   60001.5
lt 2 20   10   1501.92   453.77    1048.15   48653.5   60004.2
lt 2 20   2    778.07    734.2     43.87     10346.4   60903.5
lt 2 20   5    3791.98   3707.88   84.1      18058.3   60160.1
te 1 10   10   1277.44   917.75    359.69    6089.2    60001.8
te 1 10   2    461.96    379.78    82.18     584.572   60381.3
te 1 10   5    690.29    418.16    272.13    2015.68   60000.9
te 1 15   10   6987.93   6945.71   42.22     25522.7   60003
te 1 15   2    3344.54   3291.15   53.39     1043.82   60757.9
te 1 15   5    1318.68   1092.34   226.34    8273.81   60058
te 1 20   10   10731.2   10277.1   454.13    55906.1   60004.7
te 1 20   2    1937.49   1933.53   3.96      17838.2   60052.3
te 1 20   5    2863.93   1677.12   1186.81   38543.1   60511.9
te 2 10   10   1872.54   1053.14   819.4     16985.5   60009.3
te 2 10   2    448.32    436.29    12.03     155.59    60000.5
te 2 10   5    763.24    695.79    67.45     2638.56   60003.5
te 2 15   10   4688.81   3396      1292.81   8540.02   60003.3
te 2 15   2    1479.76   1465.94   13.82     7214.33   60276.7
te 2 15   5    2643.84   2516.14   127.7     8046.58   60001.6
te 2 20   10   7148.73   3585.37   3563.36   60000.3   60005.8
te 2 20   2    948.01    888.26    59.75     22077.4   60931.2
te 2 20   5    6871.25   6844.6    26.65     60570.6   60572.3
tt 1 10   10   732.06    255.74    476.32    15406.5   60001.7
tt 1 10   2    179.46    137.72    41.74     450.574   60303.5
tt 1 10   5    389.58    100.82    288.76    3401.26   60000.9
tt 1 15   10   814.98    263.62    551.36    59460.7   60003.1
tt 1 15   2    790.5     730.17    60.33     30855.6   60223.7
tt 1 15   5    1429.52   1337.49   92.03     1640.27   60001.7
tt 1 20   10   4610.15   4171.37   438.78    46015.1   60532.2
tt 1 20   2    1690.51   1630.72   59.79     29116.3   60149.7
tt 1 20   5    3981.12   3901.57   79.55     50805.1   60740.4
tt 2 10   10   849.94    326.94    523       10627.1   60001.9
tt 2 10   2    145.37    65.75     79.62     3560.64   60000.5
tt 2 10   5    627.45    540.95    86.5      1011.72   60015.5
tt 2 15   10   1172.51   607.05    565.46    38924     60003
tt 2 15   2    905.37    893.59    11.78     3108.14   60825.4
tt 2 15   5    677.57    391.82    285.75    2265.84   60034
tt 2 20   10   3834.3    1744.73   2089.57   40271.5   60005.3
tt 2 20   2    1451.02   1226.45   224.57    13501.8   60702.3
tt 2 20   5    1814.56   1165.51   649.05    9218.92   60193.2
