type test j m penalties tpenalty epenalty tmfound time
le 1 10   10   367.83    167.7     200.13    17428.2   60020
le 1 10   2    224.84    185.19    39.65     0.107     60000.5
le 1 10   5    1743.64   1659.44   84.2      932.319   60020.8
le 1 15   10   943.7     496.99    446.71    42497.2   60003
le 1 15   2    1041.33   1017.4    23.93     23207     60455.9
le 1 15   5    3196.85   2935.56   261.29    10098.6   60001.8
le 1 20   10   4945.01   3335.65   1609.36   53929.4   60005
le 1 20   2    2548.95   2528.89   20.06     14679.1   60669.1
le 1 20   5    7734.04   7422.87   311.17    43631.8   60210.5
le 2 10   10   249.85    104.01    145.84    6240.45   60001.5
le 2 10   2    324.43    179.18    145.25    1024.45   60828.1
le 2 10   5    971.96    718.98    252.98    1153.82   60149.3
le 2 15   10   1578.22   618.84    959.38    29540.5   60003
le 2 15   2    505.16    318.92    186.24    5225.24   60983.1
le 2 15   5    3290.7    2680.17   610.53    7884.33   60001.6
le 2 20   10   1728.22   1239.84   488.38    46765.3   60719.8
le 2 20   2    3069.13   2984.99   84.14     17820.9   60921.7
le 2 20   5    7543.25   6679.56   863.69    55133     60267.1
lt 1 10   10   386.4     89.7      296.7     7877.4    60001.7
lt 1 10   2    416.44    390.34    26.1      2.037     60119.6
lt 1 10   5    175.08    57        118.08    3654.68   60155
lt 1 15   10   279.58    101.14    178.44    28609.5   60002.2
lt 1 15   2    654.84    641.58    13.26     17.697    60820.5
lt 1 15   5    1316.98   1080.93   236.05    7065.7    60068.6
lt 1 20   10   5703.83   5488.68   215.15    41375.3   60004.5
lt 1 20   2    1247.6    1132.05   115.55    31429.8   60105.6
lt 1 20   5    2910.08   2549.53   360.55    56412.1   60005.2
lt 2 10   10   144.94    52.98     91.96     1562.88   60001.4
lt 2 10   2    137.94    66.09     71.85     225.516   60219.3
lt 2 10   5    485.06    440.51    44.55     16342.6   60253.1
lt 2 15   10   598.07    249.02    349.05    54456.4   60002.5
lt 2 15   2    290.88    128.55    162.33    76.483    60653.9
lt 2 15   5    360.94    103.25    257.69    6532.48   60017.5
lt 2 20   10   1513.63   491.67    1021.96   49938     60004.3
lt 2 20   2    782.39    746.34    36.05     5236.63   60818.6
lt 2 20   5    3771.97   3695.43   76.54     54535.5   60016.7
te 1 10   10   1281.66   904.67    376.99    6916.26   60030.6
te 1 10   2    461.96    379.78    82.18     1017.03   60381.2
te 1 10   5    690.29    418.16    272.13    45854.2   60000.9
te 1 15   10   6987.93   6945.71   42.22     29185.4   60003.1
te 1 15   2    3344.54   3291.15   53.39     22.135    60148.2
te 1 15   5    1318.68   1092.34   226.34    31304.4   60001.7
te 1 20   10   11354.5   10963.3   391.19    34933.6   60005.2
te 1 20   2    1937.49   1933.53   3.96      20977.2   60348.6
te 1 20   5    2880.99   1636.71   1244.28   15337.8   60789.3
te 2 10   10   1878.26   1004.62   873.64    17072.7   60002
te 2 10   2    448.32    436.29    12.03     2.889     60071.8
te 2 10   5    763.24    695.79    67.45     1507.85   60001
te 2 15   10   4688.81   3396      1292.81   57818.9   60003.2
te 2 15   2    1479.76   1465.94   13.82     5.386     60196.6
te 2 15   5    2646.57   2518.87   127.7     8712.22   60019.1
te 2 20   10   7514.87   4187.14   3327.73   53834.5   60005
te 2 20   2    948.01    888.26    59.75     31375.1   60452.7
te 2 20   5    6871.96   6832.14   39.82     14513     60083.1
tt 1 10   10   700.1     218.65    481.45    9186.42   60001.7
tt 1 10   2    179.46    137.72    41.74     222.75    60353.6
tt 1 10   5    395.32    110.47    284.85    1234.14   60001
tt 1 15   10   828.75    226.07    602.68    59897.7   60003.1
tt 1 15   2    790.5     730.17    60.33     8494.11   60747.2
tt 1 15   5    1414.13   1322.1    92.03     42070.8   60001.6
tt 1 20   10   4662.56   4189.02   473.54    43989.4   60005.1
tt 1 20   2    1671.87   1614.02   57.85     9641.72   60587.5
tt 1 20   5    3986.64   3907.09   79.55     7981.66   60253.2
tt 2 10   10   795.94    406.79    389.15    8342.16   60001.8
tt 2 10   2    145.37    65.75     79.62     1269.91   60806.8
tt 2 10   5    627.64    523.44    104.2     744.523   60001
tt 2 15   10   1236.14   687.88    548.26    55241.8   60003.2
tt 2 15   2    905.37    893.59    11.78     14.711    60237.7
tt 2 15   5    706.02    401.8     304.22    3873.65   60001.5
tt 2 20   10   3317.23   1192.2    2125.03   59431.2   60004.7
tt 2 20   2    1456.36   1250.86   205.5     13201.6   60501
tt 2 20   5    1811.04   1172.5    638.54    13176.4   60002.2
