type test j m penalties tpenalty epenalty tmfound time
le 1 10   10   364.39    186.42    177.97    3523.54   60001.2
le 1 10   2    224.84    185.19    39.65     11.022    60160.6
le 1 10   5    1743.64   1659.44   84.2      7957.77   60001
le 1 15   10   948       504.22    443.78    21388.6   60002.5
le 1 15   2    1041.33   1017.4    23.93     6236.81   60652.2
le 1 15   5    3338.99   3110      228.99    21338.3   60008.5
le 1 20   10   5270.5    3772.53   1497.97   38543.9   60004.8
le 1 20   2    2548.95   2528.89   20.06     45004.3   60000.7
le 1 20   5    7791.07   7450.34   340.73    55176.6   60002.1
le 2 10   10   249.85    104.01    145.84    19509.9   60001.2
le 2 10   2    324.43    179.18    145.25    2622.29   60161.2
le 2 10   5    976.28    814.76    161.52    388.961   60000.8
le 2 15   10   1599.32   801.59    797.73    57347.6   60002.4
le 2 15   2    505.16    318.92    186.24    25380     60361.2
le 2 15   5    3283.43   2672.9    610.53    28888.9   60001.3
le 2 20   10   1889.63   1294.53   595.1     50697.1   60003.9
le 2 20   2    3069.13   2984.99   84.14     2131.16   60637.8
le 2 20   5    7476.09   6587.09   889       56646.8   60554
lt 1 10   10   386.4     89.7      296.7     4067.89   60001.3
lt 1 10   2    416.44    390.34    26.1      0.081     60029.6
lt 1 10   5    178.91    56.99     121.92    2810.32   60001
lt 1 15   10   277.58    102.72    174.86    16481.2   60002
lt 1 15   2    654.84    641.58    13.26     1.452     60995.6
lt 1 15   5    1316.08   1081.88   234.2     2628.79   60462.1
lt 1 20   10   5270.23   5029.52   240.71    49486.8   60004.1
lt 1 20   2    1206.97   1104.92   102.05    57184.4   60520.9
lt 1 20   5    2982.6    2633.89   348.71    14154.9   60082.2
lt 2 10   10   146.06    49.98     96.08     3066.07   60001.6
lt 2 10   2    137.94    66.09     71.85     89.805    60000.6
lt 2 10   5    492.11    457.24    34.87     4670.87   60024.2
lt 2 15   10   642.26    346.09    296.17    8948.46   60002.6
lt 2 15   2    290.88    128.55    162.33    2069.96   60104.3
lt 2 15   5    328.54    138.86    189.68    27161.2   60245.4
lt 2 20   10   1541.94   501.34    1040.6    59056     60061
lt 2 20   2    820.55    778.8     41.75     53882.7   60503.2
lt 2 20   5    3877.95   3792.02   85.93     14177.6   60002
te 1 10   10   1301.46   958.07    343.39    6235.88   60001.7
te 1 10   2    461.96    379.78    82.18     834.543   60316.1
te 1 10   5    758.66    441.06    317.6     198.808   60000.9
te 1 15   10   7012.45   6970.23   42.22     1412.02   60002.9
te 1 15   2    3344.54   3291.15   53.39     1.297     60206.3
te 1 15   5    1356.67   1081.25   275.42    7204.26   60031
te 1 20   10   11912.5   11547.8   364.66    21233.5   60004.7
te 1 20   2    1937.49   1933.53   3.96      21524.8   60848.1
te 1 20   5    2883.73   1547.6    1336.13   29274.7   60075.4
te 2 10   10   1824.5    694.13    1130.37   2894.59   60001.9
te 2 10   2    448.32    436.29    12.03     11.931    60000.5
te 2 10   5    763.24    695.79    67.45     429.282   60000.8
te 2 15   10   4988.47   4014.66   973.81    2813.5    60003.8
te 2 15   2    1479.76   1465.94   13.82     2313.39   60333.6
te 2 15   5    2950.84   2808.38   142.46    808.567   60001.3
te 2 20   10   7514.61   4285.06   3229.55   51224.9   60005.6
te 2 20   2    948.01    888.26    59.75     23706.5   60346
te 2 20   5    6895.32   6850.57   44.75     49166.2   60001.7
tt 1 10   10   687.65    263.75    423.9     2526.8    60001.7
tt 1 10   2    179.46    137.72    41.74     484.515   60713.7
tt 1 10   5    389.84    127.31    262.53    2408.13   60000.8
tt 1 15   10   830.75    341.81    488.94    43341.1   60002.7
tt 1 15   2    790.5     730.17    60.33     2075.1    60453.2
tt 1 15   5    1440.69   1348.66   92.03     6286.47   60009.1
tt 1 20   10   4727.9    4291.94   435.96    43600.4   60004.6
tt 1 20   2    1690.51   1630.72   59.79     18845.1   60032.6
tt 1 20   5    3730.28   3667.42   62.86     43879     60331.7
tt 2 10   10   803.51    346.55    456.96    9644.62   60001.5
tt 2 10   2    145.37    65.75     79.62     1340.05   60133.2
tt 2 10   5    639.16    533.5     105.66    127.892   60006.6
tt 2 15   10   1243.76   671.84    571.92    42994.6   60002.9
tt 2 15   2    905.37    893.59    11.78     1052.27   60068.4
tt 2 15   5    699.72    414.42    285.3     1281.01   60188.4
tt 2 20   10   3333.43   1250.47   2082.96   59568.8   60004.6
tt 2 20   2    1448.66   1227.93   220.73    15711.4   60592.3
tt 2 20   5    1815.61   1165.51   650.1     33448.3   60326.2
